437
2446
1240
3113
675
2677
3366
2755
1487
3962
1752
4078
2220
3102
845
172
3201
2158
623
314
1791
465
2274
1617
1512
29
1676
848
1174
1623
3767
1611
4069
911
628
648
3588
3995
3403
980
3861
1060
962
1986
66
1807
2158
3267
3965
2782
3581
1661
3247
1759
3278
663
1788
858
1511
2962
2481
1182
478
2454
2094
1106
3103
1586
1005
2410
2566
771
3470
3528
2757
3536
1239
819
2707
1109
3601
2192
2770
2753
3952
1952
3416
1644
2810
832
511
1195
2014
989
3649
12
2095
2656
1599
3101
971
69
3872
345
3598
2533
3882
741
3352
2493
1850
2858
590
524
1515
446
2476
835
2090
1190
1667
2601
2385
3682
3590
1939
3694
1590
499
1197
595
1470
1267
371
1816
769
2904
1602
1510
2160
4095
3361
922
589
3885
2437
1035
2266
3273
3126
3456
844
1631
1746
430
1126
3685
29
2716
88
1226
3311
1559
2493
3682
3375
3262
2490
881
677
554
880
4038
1477
1470
3827
3914
2505
1997
3091
1535
1358
3936
3167
3104
270
197
2693
299
2913
2781
1526
2128
244
4019
1714
3619
3186
108
404
3863
662
1285
3805
2139
2755
3536
1958
1164
1438
953
2700
2796
793
1771
1804
1064
1968
401
1363
785
3182
2889
2913
3427
2813
531
2950
1903
639
3355
1670
1301
544
1379
3441
3299
819
1303
367
2257
2256
3067
957
3050
742
2761
18
2710
3162
1381
3495
2249
175
2312
1580
2988
2843
434
795
3482
3789
2465
688
237
3844
33
3536
567
1336
3904
2825
3592
2875
3782
2546
3618
2448
2564
2232
1514
3946
1632
3763
25
3944
1247
3013
2692
1682
3808
2078
1375
2177
2766
1613
1925
2799
1053
2492
39
861
1221
3632
3737
908
2082
3259
3356
551
1395
774
401
3027
442
426
2876
1689
3439
1472
3371
3151
3550
651
1232
2221
2264
3157
924
3317
1553
964
83
2775
500
3820
3683
2582
2983
2943
3133
282
3717
3534
3310
63
3960
2090
1753
3303
3562
1028
2358
3016
1679
3590
1141
3943
2651
2066
3165
109
3030
3248
2884
3530
2972
2471
2016
1859
1318
1054
2141
939
492
1355
1003
357
3445
2756
3660
2911
3784
1923
1832
1368
1417
2973
1215
4069
943
284
82
3973
3532
2966
3407
2408
1341
1328
171
2659
2382
2313
3598
2874
3668
505
3231
3018
3261
2796
1833
2950
623
3665
222
2040
2543
1437
2013
3486
1722
2095
3364
1158
965
2675
3567
2306
4003
3738
869
2289
1955
372
1068
1528
877
203
450
43
2999
2283
2993
3622
1853
3215
1567
300
556
3580
3786
2278
1580
3054
3437
2545
1634
2908
756
1541
2550
1625
3831
410
1997
803
1938
2875
1006
2388
2918
4006
575
1815
3532
2428
934
1003
2728
1490
488
2419
3769
2068
1377
3110
517
3011
1922
1273
457
376
2899
192
786
800
995
2724
3675
2001
1016
2497
1911
1592
216
1348
4020
1150
2351
2653
2641
2839
976
2314
811
2353
1328
1329
1269
3250
2602
1726
3626
1405
1918
317
2206
2913
3041
1785
818
4058
187
2730
1554
403
4078
1478
1554
2333
35
99
1077
1011
2413
1888
3365
3741
3217
538
2895
1724
2264
2425
3129
86
2742
1239
2999
1688
3025
3817
1650
3212
2451
3204
3615
2433
586
1073
671
622
1172
1748
1633
3585
3636
902
3230
2758
1440
2029
386
3704
359
3515
3790
3101
659
2693
693
3684
2415
2343
2800
770
1451
2319
3204
2038
3393
3875
2660
469
1527
197
4055
1067
1100
3189
3825
2540
1123
115
2149
1482
3631
1843
487
194
441
1181
3878
2856
3524
2582
3626
880
805
2734
2918
102
2513
1482
572
4040
1679
531
1012
2779
3720
741
1224
747
857
3373
2229
392
1120
2717
586
1561
3898
368
321
3326
2950
3948
110
3755
2586
3028
3858
1004
414
334
948
2094
865
1960
777
489
2702
2001
1237
3559
1278
3466
3951
2399
2087
441
3960
1889
809
186
1120
3759
38
1230
3418
2624
163
3180
3628
577
3514
481
2671
283
2441
3449
773
1047
1354
2010
510
2633
1380
365
936
3468
806
800
1261
1615
986
2381
1278
1024
3612
601
3649
3775
3781
3181
256
3200
3662
2928
3483
2008
2281
160
3055
3635
2170
3566
2172
3551
3931
3108
2923
642
3909
88
2257
799
2470
3536
1824
1986
41
1377
1665
3822
462
1921
2926
29
753
2314
2037
3034
2474
996
2574
549
466
650
4
302
3759
2927
944
3572
3015
3201
275
1389
2641
2099
3375
2682
3476
944
2409
3939
2866
1239
3968
3619
3553
1909
2558
1932
2905
1036
2481
3372
1686
2485
3674
1349
1316
522
825
235
3723
1101
1625
2269
3200
904
855
2581
1849
3264
2424
619
408
2296
142
3961
109
2700
1797
3014
3736
182
2290
1327
2667
1868
2676
3983
2390
3502
123
2018
507
1748
191
3707
2652
1046
2192
405
215
520
1024
623
2816
1167
488
2925
3867
2286
1844
3508
2468
38
739
1040
1907
3415
927
201
2821
1050
2219
3328
2798
2410
2940
1355
3457
1036
1760
3672
1557
2785
199
277
3952
687
3203
3723
2973
951
3135
1346
989
3874
2386
2896
3194
3313
3098
1919
268
1221
1152
3066
3632
4092
325
2993
1032
2086
2569
2589
775
2768
2867
631
3455
1974
258
2333
2925
3394
3679
3914
3172
1969
2715
2270
1186
1717
94
1454
2938
1246
425
2474
1242
750
1371
2274
2836
3940
768
3611
2612
3635
146
1972
1513
405
209
342
3799
3888
160
2875
1761
2875
1050
2947
496
1144
306
3435
2390
731
1813
3632
1481
3185
1810
222
3029
2578
3833
1546
2117
3980
3518
3630
289
3727
3972
4088
3519
37
2867
1184
2912
3917
35
3409
965
341
2748
3355
1072
465
2891
2554
3650
606
2776
2584
3184
2513
34
1206
2397
3552
740
2686
3183
617
2678
2606
654
1450
3790
3566
1271
3825
2879
2237
71
1531
1496
1143
1997
292
3697
1551
898
2377
39
4082
795
73
1192
3192
3625
1933
1783
2712
2550
365
1222
3204
1815
916
2674
3087
646
1458
1228
717
2989
2724
1860
890
3016
1462
2442
3914
3839
2481
3901
538
2555
997
3731
2084
2930
1418
701
1384
1783
1923
492
3599
2840
3167
2590
3486
529
3818
107
3518
2446
1967
313
1367
3429
2755
1185
3173
1140
990
3711
3695
1988
3346
1684
822
668
2385
2207
2452
212
2699
1955
3052
1770
449
2442
2299
171
2549
1722
2617
421
2035
3984
3850
694
1074
2927
1834
2064
2543
1434
4052
1793
3118
779
2462
1407
2986
818
1619
1589
2773
576
3360
3222
3018
1563
3393
1472
3285
1914
1893
1224
1803
1647
1918
2877
479
3753
845
3022
1091
802
719
113
1581
3181
1520
471
3999
3139
2060
2676
3715
1324
1802
2638
2888
1099
14
2077
3014
1907
3302
721
3554
1124
3598
4033
781
347
2959
1872
1149
3679
1985
2730
2764
3505
3201
2668
2549
1166
1248
2168
2490
3051
710
1282
54
724
3360
3068
2631
2566
3789
2090
3690
3291
2027
376
3639
891
2248
692
474
138
3423
3238
3643
2528
1810
2096
3694
3059
169
2089
2014
879
3371
2068
1604
2635
1041
139
1105
734
2229
700
4026
161
1076
3569
1052
3324
165
1526
3462
3588
668
3010
2021
2479
1010
1619
1442
1179
3708
3456
2059
2984
1428
3663
1523
2469
3802
2629
3204
1936
3329
3134
2097
309
2607
3149
3633
2772
579
3000
2265
1247
1914
190
3726
2924
1809
1072
8
1422
432
2067
310
1861
1634
1833
234
1340
366
3438
3276
3695
2476
1277
4004
987
330
3542
3760
909
2446
1929
2157
264
2119
1787
3188
3928
2860
3196
1254
3292
1167
1564
1057
2801
3398
1292
46
3764
634
3322
3364
3111
504
3272
2
834
2718
3762
1744
1068
1595
3901
1332
3714
1592
425
3547
356
3621
705
3649
693
2270
610
3494
1572
1902
3540
1240
2537
2767
508
1552
3271
3781
1554
9
2403
1221
1753
3472
2816
1558
708
2435
3151
1133
1886
3507
659
2591
3060
1352
765
3671
750
2337
1477
195
3578
4014
2962
4086
1470
2137
3771
3025
2146
2079
150
3900
1455
2966
1362
2163
1305
417
3297
3191
3925
3956
1687
2889
1212
2452
2464
1962
694
3942
2157
176
3860
1023
166
1235
3160
3938
164
1211
1921
314
1015
3376
3280
2377
1443
490
2795
644
3681
2624
504
1272
1417
1716
3725
3882
3679
323
3728
1740
499
3492
2764
665
631
1828
507
795
3039
2428
1109
4054
1708
294
2336
3152
784
1035
3796
369
3659
205
1642
980
1921
1271
766
1504
1594
398
3245
2093
3891
1913
2758
426
3741
3266
1222
2685
1598
2331
2643
3307
2625
883
2363
3409
1918
2063
3779
1481
2268
1325
2462
94
2596
3228
1598
94
3627
747
2187
3422
2660
849
3848
2306
19
974
895
1618
3306
3538
829
1835
326
3192
1149
2244
1159
832
3726
3428
2157
2092
3522
657
1224
1024
751
755
1772
2938
81
336
3787
3930
2642
3807
808
3537
1329
18
2980
2158
1854
3306
1254
3003
1454
2413
3835
1084
1745
1896
3176
1171
2553
305
2196
3304
1060
3968
2146
1142
208
1837
976
2851
1548
1784
2292
2877
1803
1176
939
3657
386
2193
2564
1841
511
2303
2925
2256
103
2006
3428
2656
2311
1528
1864
3371
1400
4010
417
1608
1751
1393
363
3300
3178
2656
2081
885
3832
3021
446
123
1118
3010
1964
1629
1217
793
3886
1320
2799
3218
3976
1014
650
1744
290
2050
1658
707
3658
3409
2101
4022
2613
1183
2582
599
2068
2318
3620
2514
2441
642
1428
309
2272
2645
1103
2062
3965
3902
1184
3845
821
1834
1493
1111
3884
3151
1818
3446
2464
3919
3372
982
1006
1858
1581
3074
81
1105
1492
2522
1747
2920
2832
4019
1469
3935
1985
1338
3741
3169
1087
466
907
2580
1577
695
1635
3396
46
4
3219
3418
986
130
1181
2567
3204
1262
3672
601
3784
1323
3521
2520
1247
895
2359
3232
2233
2005
2306
3321
2471
3213
1805
4049
3909
3441
3349
3955
3445
2472
3277
335
2602
362
2902
1711
1624
2478
2312
1313
3801
1737
3833
952
2632
2097
89
770
6
2395
4091
2477
1512
1800
2430
1325
1145
1683
1184
494
60
366
829
2662
728
3731
277
2353
2113
2589
3666
1819
231
3403
2771
2863
1404
2860
3633
1410
1159
3628
3888
2672
1333
2222
3997
2478
3906
1086
2973
3966
1452
3802
2532
2180
3438
2810
437
1455
1303
7
3274
1534
3411
1950
302
719
714
3935
2130
1874
3468
1922
450
705
48
351
3183
3954
1437
2060
3824
2889
1767
2261
974
1109
975
1411
2564
2278
1419
1743
3813
734
3693
19
1453
311
3954
3583
2185
3326
1409
2635
4031
1458
2987
3119
1316
328
1083
1045
3218
2850
3306
96
3959
185
1507
2428
2463
2926
75
2180
3660
3768
2199
1018
4079
2058
505
2169
1288
1915
708
1224
3373
3695
247
593
4024
1330
1638
3146
85
848
3242
4044
1033
653
2376
3497
3580
2451
1581
3144
2123
3781
66
2107
1743
572
180
3031
2487
888
159
1764
488
406
2357
416
1737
3996
3562
1822
748
2708
1770
1782
3361
51
1183
2845
2502
2764
1894
530
2449
1960
2637
96
2532
2817
3128
923
3705
3287
2687
97
3694
949
513
1335
849
4075
3157
1597
2687
831
3379
1953
882
466
702
3385
3231
2596
3915
1584
461
2456
1681
2993
1177
713
3917
786
4000
2508
884
3598
3457
1397
837
210
1377
3994
1808
4064
730
1091
1921
1612
1558
2624
901
693
1124
720
2277
1585
3176
3958
483
257
575
304
1044
480
2812
1928
4078
2174
3325
820
2384
606
718
96
575
1448
1188
2496
3061
2746
1024
3962
3439
2149
587
1620
3734
3763
1483
121
4021
2058
425
969
2538
3238
2897
2521
1316
2126
3341
3700
2733
4059
3797
3308
1412
889
1708
377
3635
2733
243
2978
786
830
502
424
498
1985
546
423
4044
971
1392
2486
113
193
911
1429
2319
156
1034
956
120
735
168
1532
1624
1877
1909
1163
514
2152
45
1300
2983
547
1724
3481
2533
2270
3904
2481
3242
1200
871
3355
1393
1783
689
3712
1939
1723
573
2059
2458
741
3591
4082
2618
1404
1149
3132
3557
1194
336
2444
1741
2061
1829
178
235
1637
2659
3477
2837
3531
2737
134
1218
3426
3846
3157
1053
323
1121
3511
1065
616
3497
3683
2021
550
2720
1482
1744
3056
3926
3485
1021
1659
3664
1257
3296
2227
638
2037
1662
3375
2171
2880
2705
1921
1942
3758
2245
3063
3173
3310
3679
2574
2897
1604
3124
1521
3086
772
482
2916
162
1503
479
3826
2760
3775
1957
3399
1716
3620
2678
3887
2404
1288
1713
250
950
3958
3313
28
3172
2897
2602
1973
405
1631
3495
3492
2403
3977
2312
2565
1384
2792
2295
49
2471
157
3448
92
3777
2030
3979
2085
3318
1596
2336
173
1458
1553
201
534
354
2803
2508
760
338
1907
156
2742
1788
2468
1211
3172
1164
3507
3221
3636
3664
2573
3728
3345
508
3611
1334
3826
1112
3670
3999
2570
1128
104
3105
1482
2908
1517
2242
3246
3424
2398
1892
1116
771
3104
192
1935
2515
3414
1475
2083
1891
1107
1332
2399
623
2666
2130
1735
2241
2033
209
3369
2138
3314
755
950
735
2998
100
63
1300
1993
1179
2071
1001
1372
4007
3516
690
1386
1503
2581
2494
2835
885
3117
1405
3015
756
3646
952
965
2919
3090
184
3675
4040
919
2577
45
983
3877
2038
2162
1853
3039
3534
1764
2459
128
3150
3962
2710
1548
2701
3595
569
10
2514
1325
3657
3466
2291
2480
2461
2475
2059
2405
3394
540
2450
281
322
392
2444
2175
3431
1882
3939
1794
2011
2993
1660
625
446
265
124
1015
276
2638
2341
3933
2008
536
2317
373
3011
281
2779
2309
821
1133
2591
1143
1526
939
3318
861
2821
3161
2656
736
2059
220
1361
2505
486
1485
3520
762
27
1765
599
2036
2301
2916
2409
1216
3197
1092
3526
4019
2226
2021
1066
3752
2960
289
517
1685
3450
3173
2422
1413
3394
3783
3918
3880
1173
3343
546
1200
1012
1145
3236
3314
4061
1550
434
3163
2642
3960
3086
772
1885
56
428
749
345
946
2435
3796
23
761
1113
3417
448
936
3201
1621
183
3747
2822
1195
796
1962
413
762
3512
848
3925
2059
712
2915
2831
2598
2971
3260
3347
3317
110
1686
3017
133
2447
34
3551
2896
970
2656
421
1153
2308
3243
2349
3104
1110
2762
3866
526
3610
3695
2585
227
2514
1321
2825
1390
485
2076
611
595
3763
3628
728
2114
3662
183
914
537
2840
1336
1690
1052
483
4039
60
1593
2706
3927
2120
2220
3526
609
2447
1945
1930
1176
3335
2415
3253
3946
3010
2920
3478
3739
938
3044
3922
1853
3581
2666
3189
1176
3718
3672
1119
3779
1170
3825
3610
3290
1950
3040
3899
301
889
1734
1478
128
53
635
4074
3064
3555
3456
2707
397
2405
2533
2250
1890
1104
1343
3066
726
920
90
409
2090
3915
4019
1284
1769
2964
1087
2071
3853
2821
3549
3982
2875
88
3960
1843
3643
3321
454
4040
1630
2987
2195
3520
4091
3538
2491
722
362
2581
1131
2452
2400
1055
3736
74
4019
728
2145
3776
3549
1598
3662
2328
1686
3527
75
1233
2752
529
1177
286
3517
3372
3806
3512
2815
2201
138
3177
686
1270
1534
3087
2325
1174
3161
2248
1902
1210
1928
1356
2808
1495
3684
398
926
3760
1631
3678
193
2808
3964
3710
2085
3674
3127
804
1780
3265
3981
2466
439
1419
1457
2764
2594
522
916
400
1732
2845
1756
444
244
1345
842
1170
1009
2473
752
1202
1186
620
817
3271
198
3944
4075
1978
3113
3960
349
3553
1284
1806
2221
3878
2329
3138
182
4061
1887
1939
410
2131
3284
1252
3301
197
3726
4053
1399
816
577
2216
4087
775
2064
4066
2754
1082
3930
3103
539
1118
813
2760
900
3142
1802
1083
3108
3689
3022
3518
1724
2210
674
929
2407
304
886
3806
1120
1463
1927
1111
2239
3991
1081
897
977
916
4000
1516
2034
717
181
2935
3860
1983
4018
2872
1577
2944
2294
3301
1058
2968
135
3465
3273
1021
3175
297
2485
1006
1409
628
902
2490
1525
1879
3406
1429
3396
1345
2146
3577
184
1910
1464
106
686
3041
3050
2980
2247
12
1853
2382
3477
1030
3403
2556
1327
1792
3563
2736
2420
369
1131
3945
2248
441
1278
1548
1786
3425
1029
1970
1239
2494
2076
1926
1439
1030
810
3686
1042
2663
1972
423
3693
1280
2980
925
3072
2447
3661
1397
2816
696
1246
968
1138
2525
2517
2924
1854
3546
799
3093
1944
2875
923
3384
3906
1734
2974
852
301
851
1276
3995
2131
160
824
1107
2607
389
2504
1327
1086
3751
2295
2224
2180
716
1052
4034
167
1851
3031
2111
631
3955
1399
441
1593
278
1293
1894
1129
2569
1793
3260
2729
2617
271
1240
3007
2776
2567
4093
2431
767
2221
515
1483
3273
453
1650
1029
3484
3762
1660
3343
1065
2101
840
1343
3394
2735
2472
1868
432
1636
501
3050
1908
1742
1961
588
213
1958
3019
980
83
3534
2464
3356
3987
18
289
3375
3780
1949
2623
750
4050
3463
2093
3349
2102
470
1121
2535
2106
1622
1489
4014
3364
3450
506
3578
1312
3525
462
1395
2963
2926
655
2854
2945
945
2134
2629
2894
661
3379
2849
28
1377
2102
2131
1847
3223
570
3953
749
2059
3872
18
1413
282
3596
2725
3808
4058
24
2675
2889
679
1434
1738
1624
3568
271
423
133
3651
3272
161
932
1278
2292
2779
405
2862
2636
1154
825
2412
1172
2238
2695
672
867
2407
635
891
986
3524
1571
2420
1166
3195
1892
1437
3618
2025
992
2794
2187
1924
4072
383
607
381
3246
3244
1536
4071
1560
2708
2214
159
3381
3081
2566
4016
3973
3553
3444
1448
1877
514
547
3770
1951
70
1699
2944
2864
3886
772
2841
174
1380
3222
3420
528
662
3395
2088
3371
1513
2248
2656
499
718
2576
376
175
1924
1824
2053
2438
2371
1727
293
2441
3426
3237
1210
3217
4010
4051
3391
1294
3177
2715
1822
3840
2014
3910
3115
3528
2062
1675
4027
2781
155
307
2956
2079
2131
913
421
406
2640
714
2848
1971
3952
4058
1092
3866
4013
387
1064
3094
3102
2886
2838
1020
2700
1857
452
667
3532
383
3448
3687
690
2308
1670
2821
3222
2091
3228
1766
2806
1980
3737
2662
1942
733
2432
1859
1120
3496
857
126
2286
3696
1147
890
1457
1599
1557
894
1983
909
485
2673
3218
2156
1399
2344
151
531
14
2957
2511
3752
1523
357
389
3955
2216
1510
3355
3073
1636
1545
2673
2783
2436
35
287
3993
929
2270
807
1414
847
4025
3570
2246
2273
3722
2777
2287
2583
1192
1943
11
1549
2333
3966
3765
3843
3226
2743
1383
675
1320
71
3111
1355
358
3009
2284
2628
3816
3699
3475
3745
3173
1626
1922
2799
307
113
1287
1500
2057
1298
3049
294
1168
2719
41
298
1366
1424
974
2686
1495
4085
4042
1853
2998
2230
385
2718
1833
3861
2367
911
1391
193
3710
1698
307
901
3198
2364
2199
2152
2658
3368
775
2699
3666
2141
27
544
731
1523
534
677
3376
3532
2908
3762
2155
645
3527
426
1556
822
620
1171
2520
927
2072
1623
3291
176
3775
1853
3544
454
456
3114
2595
483
3659
3326
2006
97
4004
1287
3629
2816
953
1688
3461
384
2115
922
1206
2735
2093
3726
3662
69
1253
2857
245
932
614
3789
1386
1070
2808
3981
1553
2371
3212
3560
2468
3120
751
2001
1840
1704
3690
1205
2088
1709
2127
3294
348
124
2924
4010
194
82
2771
439
1014
3385
133
2401
359
2941
2286
1912
1216
1402
1376
3684
426
2127
1589
2266
3831
1183
3472
1823
2892
1503
1021
3240
1628
3946
3154
1822
4028
1829
2261
946
1118
2394
3347
1477
1239
1538
3390
2455
2940
670
2043
3367
2798
3633
1537
2533
720
913
261
3613
2417
1282
2757
4045
1132
1816
1771
1064
3645
4032
2011
668
2331
1262
2145
3570
2800
1439
1930
1645
2110
3973
916
812
3510
2453
3345
135
3367
3606
3748
1688
793
2409
1637
1925
129
3408
2990
3775
3344
905
347
1579
2167
2492
1054
872
3932
2984
2517
1946
2861
3433
2758
2276
1790
2007
2411
1061
1518
2063
2749
2311
376
290
140
506
3698
3130
185
2947
4035
532
430
2107
3024
1484
2979
2860
372
1400
710
3234
737
3468
1414
2527
1380
3825
3589
2898
1792
2242
1113
2168
2533
1253
2674
2135
288
2859
986
227
3391
1417
2334
2320
2901
1217
1084
3274
2617
1795
2412
3354
1167
3826
1786
2547
3555
1279
1349
1251
3521
2462
3419
1958
3716
1998
4094
4004
761
984
135
57
2401
2470
2377
1207
3687
3461
385
2209
1160
2797
1467
2328
2527
3253
779
1986
436
2129
3237
3958
495
2560
1820
115
462
1818
23
1224
2803
159
1281
1108
2629
3658
2315
2220
3023
2700
333
88
1401
1801
2416
3928
958
3195
1818
1395
1228
959
1257
1724
3520
3077
1839
3982
800
1863
1110
3603
2022
2391
615
555
1953
2931
2775
881
1535
3109
969
2937
814
3385
2769
1772
2484
492
3167
3713
1451
328
1341
875
3406
3180
762
110
947
1872
3713
2969
168
232
3524
2121
3163
2204
3002
603
1217
3971
3540
2031
3260
2213
3803
1649
2705
2875
1266
61
3203
2607
936
2513
1691
1698
2623
2639
3571
2240
1512
3739
2473
941
1764
1540
3145
671
2143
266
546
1587
2297
3807
3801
2004
1360
2410
783
2626
2471
3987
1137
3408
2404
2828
1010
932
1371
485
3172
2884
128
1549
3825
1893
3090
2874
2564
1137
3140
3110
2725
1341
2821
2430
3345
85
744
33
2711
3216
4020
3848
2528
2328
2581
3538
3260
3952
4024
2337
2740
56
3886
2469
1949
2880
1247
417
4018
291
3528
2647
1632
2253
981
882
2339
1725
915
954
845
839
707
3373
3167
3288
2816
2332
3144
2744
573
1789
2800
363
162
654
3244
1410
1071
3166
1701
503
1717
3334
2757
2698
120
1000
327
1035
1954
1173
1874
2661
450
945
1853
3266
3277
902
1914
3850
2691
619
118
2853
1273
3362
167
2344
2432
1869
2848
53
1107
1509
2751
1227
2509
3078
2262
367
155
40
3029
606
985
786
3872
167
1688
1691
4017
283
2310
39
3137
3583
3401
3304
1831
1737
1077
583
1790
2184
2092
445
3411
505
3524
1577
873
3679
1617
3902
189
2603
592
4062
2770
2281
1657
2691
2564
3967
2731
1605
3454
2036
814
1189
3774
1891
1773
1468
4076
3865
1914
3391
275
1342
873
1148
925
2490
954
1115
997
1546
1081
3767
3827
2738
2363
2296
2609
998
3901
1967
3034
619
3156
2712
2511
833
85
2491
603
1999
1786
878
3341
2659
2026
170
1054
2980
1285
2051
430
2366
1723
162
1008
4086
2458
3617
988
2263
1488
4022
2883
549
2639
1298
1382
2724
3789
1985
627
1479
2863
3968
43
793
42
1097
3773
1328
3148
108
3694
775
270
607
765
2728
128
1753
895
1617
1680
3778
2166
223
980
3548
2947
673
1438
3574
2153
205
3446
2196
999
3488
3293
676
720
2345
784
319
3121
1054
926
3886
3782
1054
1544
582
2671
3224
264
741
3447
1245
194
2298
1918
1632
1776
4071
1837
1126
2171
2836
518
1368
3513
1239
3714
201
1558
2739
1256
2484
2529
942
3538
4073
1524
2114
3201
1789
2855
2552
3034
3049
754
856
585
2530
