437
398
1240
1065
675
629
1318
707
1487
1914
1752
2030
172
1054
845
172
1153
110
623
314
1791
465
226
1617
1512
29
1676
848
1174
1623
1719
1611
2021
911
628
648
1540
1947
1355
980
1813
1060
962
1986
66
1807
110
1219
1917
734
1533
1661
1199
1759
1230
663
1788
858
1511
914
433
1182
478
406
46
1106
1055
1586
1005
362
518
771
1422
1480
709
1488
1239
819
659
1109
1553
144
722
705
1904
1952
1368
1644
762
832
511
1195
2014
989
1601
12
47
608
1599
1053
971
69
1824
345
1550
485
1834
741
1304
445
1850
810
590
524
1515
446
428
835
42
1190
1667
553
337
1634
1542
1939
1646
1590
499
1197
595
1470
1267
371
1816
769
856
1602
1510
112
2047
1313
922
589
1837
389
1035
218
1225
1078
1408
844
1631
1746
430
1126
1637
29
668
88
1226
1263
1559
445
1634
1327
1214
442
881
677
554
880
1990
1477
1470
1779
1866
457
1997
1043
1535
1358
1888
1119
1056
270
197
645
299
865
733
1526
80
244
1971
1714
1571
1138
108
404
1815
662
1285
1757
91
707
1488
1958
1164
1438
953
652
748
793
1771
1804
1064
1968
401
1363
785
1134
841
865
1379
765
531
902
1903
639
1307
1670
1301
544
1379
1393
1251
819
1303
367
209
208
1019
957
1002
742
713
18
662
1114
1381
1447
201
175
264
1580
940
795
434
795
1434
1741
417
688
237
1796
33
1488
567
1336
1856
777
1544
827
1734
498
1570
400
516
184
1514
1898
1632
1715
25
1896
1247
965
644
1682
1760
30
1375
129
718
1613
1925
751
1053
444
39
861
1221
1584
1689
908
34
1211
1308
551
1395
774
401
979
442
426
828
1689
1391
1472
1323
1103
1502
651
1232
173
216
1109
924
1269
1553
964
83
727
500
1772
1635
534
935
895
1085
282
1669
1486
1262
63
1912
42
1753
1255
1514
1028
310
968
1679
1542
1141
1895
603
18
1117
109
982
1200
836
1482
924
423
2016
1859
1318
1054
93
939
492
1355
1003
357
1397
708
1612
863
1736
1923
1832
1368
1417
925
1215
2021
943
284
82
1925
1484
918
1359
360
1341
1328
171
611
334
265
1550
826
1620
505
1183
970
1213
748
1833
902
623
1617
222
2040
495
1437
2013
1438
1722
47
1316
1158
965
627
1519
258
1955
1690
869
241
1955
372
1068
1528
877
203
450
43
951
235
945
1574
1853
1167
1567
300
556
1532
1738
230
1580
1006
1389
497
1634
860
756
1541
502
1625
1783
410
1997
803
1938
827
1006
340
870
1958
575
1815
1484
380
934
1003
680
1490
488
371
1721
20
1377
1062
517
963
1922
1273
457
376
851
192
786
800
995
676
1627
2001
1016
449
1911
1592
216
1348
1972
1150
303
605
593
791
976
266
811
305
1328
1329
1269
1202
554
1726
1578
1405
1918
317
158
865
993
1785
818
2010
187
682
1554
403
2030
1478
1554
285
35
99
1077
1011
365
1888
1317
1693
1169
538
847
1724
216
377
1081
86
694
1239
951
1688
977
1769
1650
1164
403
1156
1567
385
586
1073
671
622
1172
1748
1633
1537
1588
902
1182
710
1440
2029
386
1656
359
1467
1742
1053
659
645
693
1636
367
295
752
770
1451
271
1156
2038
1345
1827
612
469
1527
197
2007
1067
1100
1141
1777
492
1123
115
101
1482
1583
1843
487
194
441
1181
1830
808
1476
534
1578
880
805
686
870
102
465
1482
572
1992
1679
531
1012
731
1672
741
1224
747
857
1325
181
392
1120
669
586
1561
1850
368
321
1278
902
1900
110
1707
538
980
1810
1004
414
334
948
46
865
1960
777
489
654
2001
1237
1511
1278
1418
1903
351
39
441
1912
1889
809
186
1120
1711
38
1230
1370
576
163
1132
1580
577
1466
481
623
283
393
1401
773
1047
1354
2010
510
585
1380
365
936
1420
806
800
1261
1615
986
333
1278
1024
1564
601
1601
1727
1733
1133
256
1152
1614
880
1435
2008
233
160
1007
1587
122
1518
124
1503
1883
1060
875
642
1861
88
209
799
422
1488
1824
1986
41
1377
1665
1774
462
1921
878
29
753
266
2037
986
426
996
526
549
466
650
4
302
1711
879
944
1524
967
1153
275
1389
593
51
1327
634
1428
944
361
1891
818
1239
1920
1571
1505
1909
510
1932
857
1036
433
1324
1686
437
1626
1349
1316
522
825
235
1675
1101
1625
221
1152
904
855
533
1849
1216
376
619
408
248
142
1913
109
652
1797
966
1688
182
242
1327
619
1868
628
1935
342
1454
123
2018
507
1748
191
1659
604
1046
144
405
215
520
1024
623
768
1167
488
877
1819
238
1844
1460
420
38
739
1040
1907
1367
927
201
773
1050
171
1280
750
362
892
1355
1409
1036
1760
1624
1557
737
199
277
1904
687
1155
1675
925
951
1087
1346
989
1826
338
848
1146
1265
1050
1919
268
1221
1152
1018
1584
2044
325
945
1032
38
521
541
775
720
819
631
1407
1974
258
285
877
1346
1631
1866
1124
1969
667
222
1186
1717
94
1454
890
1246
425
426
1242
750
1371
226
788
1892
768
1563
564
1587
146
1972
1513
405
209
342
1751
1840
160
827
1761
827
1050
899
496
1144
306
1387
342
731
1813
1584
1481
1137
1810
222
981
530
1785
1546
69
1932
1470
1582
289
1679
1924
2040
1471
37
819
1184
864
1869
35
1361
965
341
700
1307
1072
465
843
506
1602
606
728
536
1136
465
34
1206
349
1504
740
638
1135
617
630
558
654
1450
1742
1518
1271
1777
831
189
71
1531
1496
1143
1997
292
1649
1551
898
329
39
2034
795
73
1192
1144
1577
1933
1783
664
502
365
1222
1156
1815
916
626
1039
646
1458
1228
717
941
676
1860
890
968
1462
394
1866
1791
433
1853
538
507
997
1683
36
882
1418
701
1384
1783
1923
492
1551
792
1119
542
1438
529
1770
107
1470
398
1967
313
1367
1381
707
1185
1125
1140
990
1663
1647
1988
1298
1684
822
668
337
159
404
212
651
1955
1004
1770
449
394
251
171
501
1722
569
421
2035
1936
1802
694
1074
879
1834
16
495
1434
2004
1793
1070
779
414
1407
938
818
1619
1589
725
576
1312
1174
970
1563
1345
1472
1237
1914
1893
1224
1803
1647
1918
829
479
1705
845
974
1091
802
719
113
1581
1133
1520
471
1951
1091
12
628
1667
1324
1802
590
840
1099
14
29
966
1907
1254
721
1506
1124
1550
1985
781
347
911
1872
1149
1631
1985
682
716
1457
1153
620
501
1166
1248
120
442
1003
710
1282
54
724
1312
1020
583
518
1741
42
1642
1243
2027
376
1591
891
200
692
474
138
1375
1190
1595
480
1810
48
1646
1011
169
41
2014
879
1323
20
1604
587
1041
139
1105
734
181
700
1978
161
1076
1521
1052
1276
165
1526
1414
1540
668
962
2021
431
1010
1619
1442
1179
1660
1408
11
936
1428
1615
1523
421
1754
581
1156
1936
1281
1086
49
309
559
1101
1585
724
579
952
217
1247
1914
190
1678
876
1809
1072
8
1422
432
19
310
1861
1634
1833
234
1340
366
1390
1228
1647
428
1277
1956
987
330
1494
1712
909
398
1929
109
264
71
1787
1140
1880
812
1148
1254
1244
1167
1564
1057
753
1350
1292
46
1716
634
1274
1316
1063
504
1224
2
834
670
1714
1744
1068
1595
1853
1332
1666
1592
425
1499
356
1573
705
1601
693
222
610
1446
1572
1902
1492
1240
489
719
508
1552
1223
1733
1554
9
355
1221
1753
1424
768
1558
708
387
1103
1133
1886
1459
659
543
1012
1352
765
1623
750
289
1477
195
1530
1966
914
2038
1470
89
1723
977
98
31
150
1852
1455
918
1362
115
1305
417
1249
1143
1877
1908
1687
841
1212
404
416
1962
694
1894
109
176
1812
1023
166
1235
1112
1890
164
1211
1921
314
1015
1328
1232
329
1443
490
747
644
1633
576
504
1272
1417
1716
1677
1834
1631
323
1680
1740
499
1444
716
665
631
1828
507
795
991
380
1109
2006
1708
294
288
1104
784
1035
1748
369
1611
205
1642
980
1921
1271
766
1504
1594
398
1197
45
1843
1913
710
426
1693
1218
1222
637
1598
283
595
1259
577
883
315
1361
1918
15
1731
1481
220
1325
414
94
548
1180
1598
94
1579
747
139
1374
612
849
1800
258
19
974
895
1618
1258
1490
829
1835
326
1144
1149
196
1159
832
1678
1380
109
44
1474
657
1224
1024
751
755
1772
890
81
336
1739
1882
594
1759
808
1489
1329
18
932
110
1854
1258
1254
955
1454
365
1787
1084
1745
1896
1128
1171
505
305
148
1256
1060
1920
98
1142
208
1837
976
803
1548
1784
244
829
1803
1176
939
1609
386
145
516
1841
511
255
877
208
103
2006
1380
608
263
1528
1864
1323
1400
1962
417
1608
1751
1393
363
1252
1130
608
33
885
1784
973
446
123
1118
962
1964
1629
1217
793
1838
1320
751
1170
1928
1014
650
1744
290
2
1658
707
1610
1361
53
1974
565
1183
534
599
20
270
1572
466
393
642
1428
309
224
597
1103
14
1917
1854
1184
1797
821
1834
1493
1111
1836
1103
1818
1398
416
1871
1324
982
1006
1858
1581
1026
81
1105
1492
474
1747
872
784
1971
1469
1887
1985
1338
1693
1121
1087
466
907
532
1577
695
1635
1348
46
4
1171
1370
986
130
1181
519
1156
1262
1624
601
1736
1323
1473
472
1247
895
311
1184
185
2005
258
1273
423
1165
1805
2001
1861
1393
1301
1907
1397
424
1229
335
554
362
854
1711
1624
430
264
1313
1753
1737
1785
952
584
49
89
770
6
347
2043
429
1512
1800
382
1325
1145
1683
1184
494
60
366
829
614
728
1683
277
305
65
541
1618
1819
231
1355
723
815
1404
812
1585
1410
1159
1580
1840
624
1333
174
1949
430
1858
1086
925
1918
1452
1754
484
132
1390
762
437
1455
1303
7
1226
1534
1363
1950
302
719
714
1887
82
1874
1420
1922
450
705
48
351
1135
1906
1437
12
1776
841
1767
213
974
1109
975
1411
516
230
1419
1743
1765
734
1645
19
1453
311
1906
1535
137
1278
1409
587
1983
1458
939
1071
1316
328
1083
1045
1170
802
1258
96
1911
185
1507
380
415
878
75
132
1612
1720
151
1018
2031
10
505
121
1288
1915
708
1224
1325
1647
247
593
1976
1330
1638
1098
85
848
1194
1996
1033
653
328
1449
1532
403
1581
1096
75
1733
66
59
1743
572
180
983
439
888
159
1764
488
406
309
416
1737
1948
1514
1822
748
660
1770
1782
1313
51
1183
797
454
716
1894
530
401
1960
589
96
484
769
1080
923
1657
1239
639
97
1646
949
513
1335
849
2027
1109
1597
639
831
1331
1953
882
466
702
1337
1183
548
1867
1584
461
408
1681
945
1177
713
1869
786
1952
460
884
1550
1409
1397
837
210
1377
1946
1808
2016
730
1091
1921
1612
1558
576
901
693
1124
720
229
1585
1128
1910
483
257
575
304
1044
480
764
1928
2030
126
1277
820
336
606
718
96
575
1448
1188
448
1013
698
1024
1914
1391
101
587
1620
1686
1715
1483
121
1973
10
