4533
2446
1240
7209
4771
2677
3366
6851
1487
3962
5848
8174
6316
7198
4941
172
3201
2158
4719
4410
5887
4561
2274
1617
5608
29
5772
848
5270
5719
3767
1611
8165
5007
628
4744
7684
3995
3403
980
7957
1060
962
6082
66
5903
6254
3267
8061
2782
7677
5757
7343
1759
7374
4759
1788
4954
5607
7058
2481
1182
478
2454
6190
1106
7199
5682
5101
2410
6662
4867
3470
7624
2757
3536
5335
819
6803
5205
3601
6288
2770
2753
8048
1952
7512
1644
6906
4928
511
1195
6110
989
3649
4108
2095
2656
1599
7197
5067
69
3872
345
7694
6629
3882
4837
7448
2493
1850
2858
590
4620
5611
446
6572
4931
2090
5286
1667
2601
6481
7778
3590
1939
3694
5686
4595
5293
4691
1470
5363
371
1816
4865
7000
5698
1510
6256
8191
3361
922
589
7981
6533
1035
6362
3273
3126
3456
4940
5727
1746
4526
1126
3685
29
6812
88
5322
3311
1559
2493
3682
3375
7358
2490
881
677
554
880
4038
1477
1470
3827
8010
2505
1997
3091
5631
5454
8032
3167
7200
4366
4293
2693
4395
2913
2781
1526
6224
4340
4019
1714
7715
3186
4204
404
3863
4758
1285
7901
6235
2755
3536
6054
5260
5534
953
2700
2796
793
5867
1804
5160
1968
4497
1363
4881
7278
2889
2913
3427
6909
4627
2950
1903
639
3355
5766
5397
4640
5475
3441
7395
819
1303
4463
6353
2256
7163
957
3050
4838
2761
18
6806
7258
1381
3495
6345
4271
6408
1580
2988
2843
4530
4891
3482
7885
2465
688
4333
7940
4129
3536
567
5432
8000
6921
7688
6971
7878
2546
3618
2448
2564
2232
1514
3946
5728
7859
25
3944
1247
3013
6788
5778
7904
2078
5471
2177
2766
1613
1925
6895
5149
2492
4135
4957
1221
3632
3737
908
6178
7355
3356
551
1395
4870
4497
7123
4538
4522
2876
5785
7535
1472
3371
7247
3550
651
1232
6317
2264
3157
5020
7413
5649
964
4179
6871
4596
7916
7779
2582
7079
2943
3133
282
7813
7630
7406
4159
3960
2090
1753
3303
3562
5124
2358
7112
5775
3590
5237
8039
6747
2066
7261
4205
3030
3248
2884
7626
2972
2471
2016
1859
5414
5150
2141
5035
4588
1355
1003
357
3445
2756
3660
7007
7880
6019
5928
5464
1417
2973
5311
8165
5039
4380
4178
8069
7628
7062
7503
2408
1341
1328
4267
6755
6478
6409
3598
2874
7764
4601
3231
3018
7357
6892
1833
7046
4719
7761
4318
6136
2543
1437
6109
7582
5818
2095
7460
5254
965
6771
7663
2306
8099
3738
869
6385
1955
4468
1068
1528
877
4299
4546
43
2999
6379
7089
7718
5949
3215
5663
300
4652
3580
7882
2278
5676
7150
7533
6641
5730
7004
756
5637
2550
1625
3831
4506
6093
4899
6034
6971
1006
2388
7014
4006
575
5911
3532
6524
934
1003
6824
5586
4584
6515
7865
2068
5473
7206
517
3011
6018
1273
457
376
2899
4288
4882
800
995
2724
7771
2001
5112
6593
6007
5688
4312
1348
4020
5246
2351
2653
2641
6935
976
2314
811
6449
1328
1329
1269
7346
2602
1726
7722
5501
6014
4413
6302
7009
7137
5881
818
4058
4283
6826
1554
403
8174
5574
5650
2333
35
99
1077
1011
2413
1888
7461
3741
3217
538
2895
5820
2264
2425
3129
86
6838
1239
7095
5784
7121
7913
1650
3212
6547
3204
3615
6529
586
1073
671
622
1172
1748
1633
3585
3636
902
7326
6854
1440
2029
4482
3704
4455
7611
3790
3101
659
2693
693
7780
2415
2343
2800
770
5547
6415
7300
6134
7489
7971
6756
469
1527
197
4055
5163
1100
3189
3825
2540
5219
115
6245
1482
7727
1843
4583
194
4537
5277
7974
6952
7620
2582
7722
4976
805
6830
2918
102
6609
1482
572
8136
1679
4627
5108
2779
7816
741
5320
4843
857
3373
6325
392
5216
2717
586
1561
7994
368
321
7422
2950
8044
4206
3755
6682
7124
3858
5100
414
4430
5044
2094
865
1960
4873
489
2702
2001
5333
3559
5374
3466
3951
2399
6183
4537
3960
5985
4905
4282
5216
7855
4134
1230
3418
2624
163
7276
7724
577
3514
4577
2671
4379
6537
7545
4869
1047
1354
2010
4606
6729
5476
365
936
3468
4902
4896
1261
1615
986
6477
1278
5120
7708
4697
7745
7871
3781
7277
256
7296
3662
2928
3483
2008
2281
160
3055
3635
2170
7662
2172
7647
8027
3108
2923
4738
8005
4184
6353
799
2470
7632
5920
1986
4137
5473
1665
7918
4558
1921
7022
29
4849
2314
2037
7130
2474
5092
2574
4645
4562
4746
4100
4398
7855
7023
944
7668
3015
7297
275
5485
6737
6195
7471
2682
3476
944
2409
8035
2866
1239
8064
7715
3553
1909
6654
6028
7001
1036
2481
3372
5782
6581
7770
5445
5412
522
4921
235
7819
5197
5721
6365
3200
5000
855
6677
5945
3264
6520
619
4504
6392
142
8057
109
6796
5893
7110
7832
182
2290
5423
6763
1868
2676
3983
2390
7598
4219
2018
4603
1748
191
7803
6748
1046
6288
4501
4311
4616
5120
623
2816
5263
488
2925
3867
6382
1844
3508
6564
4134
739
5136
6003
3415
927
201
2821
5146
2219
7424
6894
2410
7036
5451
3457
5132
1760
7768
1557
6881
199
4373
3952
687
7299
7819
7069
951
3135
5442
5085
3874
2386
2896
7290
3313
3098
1919
268
5317
1152
7162
7728
8188
4421
2993
5128
6182
2569
6685
4871
2768
2867
631
3455
1974
258
2333
2925
3394
7775
8010
7268
1969
2715
6366
5282
5813
94
5550
2938
1246
4521
2474
1242
750
5467
6370
6932
8036
4864
3611
2612
7731
4242
6068
1513
4501
209
4438
7895
7984
4256
6971
1761
6971
5146
7043
4592
5240
4402
7531
6486
731
1813
7728
1481
7281
5906
222
7125
2578
3833
1546
2117
8076
7614
3630
4385
7823
8068
4088
7615
4133
2867
1184
2912
8013
35
7505
5061
4437
6844
3355
5168
465
2891
6650
7746
606
6872
6680
3184
2513
34
5302
2397
7648
740
6782
7279
617
2678
6702
4750
5546
7886
7662
5367
7921
6975
2237
4167
5627
5592
1143
6093
292
7793
5647
898
6473
4135
4082
795
4169
1192
3192
3625
1933
1783
2712
2550
4461
1222
7300
1815
916
6770
7183
646
5554
1228
4813
2989
6820
5956
890
7112
5558
6538
8010
3839
2481
3901
4634
6651
5093
7827
2084
7026
1418
4797
1384
5879
6019
492
7695
6936
7263
6686
7582
4625
7914
4203
7614
6542
1967
313
5463
7525
6851
5281
3173
1140
990
7807
7791
6084
7442
1684
4918
668
6481
6303
6548
4308
6795
6051
3052
5866
4545
2442
2299
4267
6645
1722
2617
421
2035
8080
7946
694
5170
2927
1834
6160
2543
1434
4052
1793
3118
779
2462
1407
7082
818
5715
5685
6869
576
3360
3222
3018
5659
7489
1472
7381
1914
1893
1224
1803
1647
1918
6973
4575
3753
4941
7118
5187
802
719
113
1581
3181
1520
471
3999
7235
6156
2676
7811
1324
5898
2638
6984
5195
4110
6173
7110
6003
7398
721
7650
1124
7694
4033
4877
4443
2959
1872
5245
3679
1985
6826
6860
3505
7297
2668
2549
5262
5344
2168
6586
3051
4806
5378
54
724
3360
7164
6727
2566
7885
6186
3690
7387
2027
376
3639
4987
2248
692
474
4234
7519
7334
7739
6624
1810
2096
3694
7155
4265
2089
2014
879
7467
2068
1604
2635
1041
139
5201
734
6325
700
8122
161
1076
3569
5148
3324
4261
5622
7558
3588
4764
7106
2021
6575
1010
5715
5538
5275
7804
7552
6155
7080
1428
7759
1523
2469
7898
6725
3204
6032
7425
3134
6193
309
6703
3149
3633
2772
579
3000
6361
5343
1914
190
3726
2924
5905
1072
8
5518
432
6163
4406
1861
5730
5929
4330
5436
4462
7534
3276
3695
2476
1277
4004
987
4426
7638
3760
5005
2446
1929
2157
4360
2119
5883
7284
8024
6956
7292
5350
7388
5263
1564
1057
2801
7494
5388
46
3764
4730
3322
7460
7207
4600
3272
2
834
2718
3762
5840
5164
5691
7997
1332
7810
5688
425
7643
4452
7717
4801
3649
4789
6366
4706
7590
5668
1902
7636
1240
6633
2767
508
5648
7367
3781
5650
9
6499
1221
5849
3472
6912
5654
4804
6531
3151
5229
5982
7603
4755
2591
3060
1352
765
7767
750
6433
1477
195
7674
8110
2962
8182
5566
2137
3771
3025
2146
2079
4246
7996
5551
2966
5458
2163
1305
417
7393
7287
8021
3956
1687
2889
5308
2452
2464
6058
694
3942
6253
176
3860
1023
166
1235
3160
3938
4260
5307
6017
314
5111
3376
3280
2377
5539
4586
2795
4740
3681
2624
504
5368
5513
5812
7821
7978
3679
323
3728
1740
499
7588
2764
665
631
5924
4603
4891
3039
2428
5205
8150
5804
294
2336
3152
4880
5131
7892
369
7755
205
5738
5076
6017
5367
4862
1504
5690
398
3245
6189
7987
6009
6854
426
3741
3266
5318
6781
5694
2331
6739
3307
2625
883
6459
7505
6014
6159
7875
5577
6364
5421
2462
4190
2596
7324
5694
94
7723
747
6283
7518
6756
4945
7944
2306
19
5070
895
5714
7402
7634
829
1835
326
7288
1149
6340
5255
832
3726
3428
6253
6188
7618
657
5320
5120
751
4851
5868
7034
4177
4432
3787
3930
6738
3807
808
7633
1329
18
7076
2158
1854
7402
1254
3003
5550
6509
3835
1084
1745
1896
7272
1171
2553
4401
6292
3304
1060
3968
2146
5238
208
5933
976
6947
1548
1784
6388
2877
1803
5272
5035
3657
4482
6289
6660
1841
4607
2303
2925
6352
4199
2006
7524
6752
6407
5624
1864
7467
1400
4010
4513
1608
1751
5489
363
3300
7274
6752
6177
885
3832
3021
4542
123
1118
3010
1964
5725
5313
4889
3886
1320
6895
3218
8072
5110
650
1744
4386
2050
5754
707
3658
7505
6197
4022
2613
5279
2582
599
6164
6414
3620
2514
6537
4738
5524
309
2272
2645
5199
6158
3965
3902
1184
3845
821
1834
5589
5207
3884
3151
5914
7542
2464
3919
3372
5078
1006
5954
5677
7170
4177
1105
1492
2522
5843
7016
2832
8115
1469
8031
6081
5434
3741
7265
1087
4562
907
6676
1577
4791
1635
7492
4142
4100
3219
7514
986
4226
5277
6663
3204
1262
7768
4697
3784
5419
3521
6616
5343
4991
6455
3232
2233
2005
2306
3321
6567
3213
1805
8145
8005
3441
7445
3955
7541
2472
3277
335
6698
362
6998
1711
1624
6574
6408
5409
3801
1737
3833
952
6728
2097
4185
770
4102
6491
4091
2477
1512
5896
2430
1325
1145
1683
5280
494
4156
366
829
2662
728
7827
4373
2353
6209
2589
7762
1819
4327
3403
2771
2863
5500
6956
3633
1410
5255
7724
3888
6768
5429
6318
8093
6574
8002
5182
7069
3966
5548
7898
6628
6276
7534
2810
437
5551
5399
7
7370
1534
3411
1950
4398
719
714
8031
2130
5970
7564
6018
4546
4801
4144
4447
3183
3954
1437
2060
7920
6985
1767
6357
5070
1109
975
5507
6660
6374
5515
5839
7909
734
7789
4115
1453
311
3954
3583
6281
3326
1409
2635
8127
5554
7083
3119
1316
328
5179
1045
7314
6946
7402
4192
8055
185
1507
6524
6559
7022
4171
6276
7756
3768
2199
1018
4079
6154
4601
2169
1288
6011
4804
1224
3373
3695
4343
4689
4024
1330
5734
3146
85
4944
7338
8140
5129
653
6472
3497
7676
2451
1581
7240
6219
3781
66
2107
1743
4668
4276
3031
2487
888
4255
5860
4584
406
2357
416
1737
8092
3562
1822
4844
2708
1770
1782
3361
51
5279
2845
2502
6860
1894
530
2449
1960
2637
4192
6628
6913
7224
923
7801
3287
6783
4193
3694
949
4609
5431
849
8171
7253
5693
2687
831
7475
6049
882
4562
702
3385
3231
2596
3915
5680
4557
6552
1681
2993
5273
713
3917
4882
4000
2508
884
7694
3457
5493
4933
4306
5473
3994
1808
8160
4826
1091
6017
5708
5654
6720
901
693
1124
4816
6373
5681
3176
8054
483
257
575
4400
5140
4576
6908
6024
4078
2174
3325
820
6480
606
4814
96
575
1448
1188
6592
7157
6842
5120
8058
7535
6245
4683
5716
3734
7859
5579
4217
8117
6154
425
5065
2538
7334
2897
6617
1316
6222
7437
7796
6829
4059
7893
7404
5508
889
5804
4473
7731
2733
4339
7074
786
830
4598
4520
498
1985
546
423
8140
971
5488
2486
113
193
911
1429
6415
156
1034
5052
4216
735
4264
1532
1624
1877
6005
1163
4610
2152
45
5396
2983
4643
1724
3481
6629
2270
3904
6577
3242
1200
871
3355
1393
1783
4785
7808
1939
5819
4669
6155
6554
741
7687
8178
2618
5500
1149
7228
7653
1194
4432
2444
5837
6157
5925
4274
235
1637
2659
3477
2837
3531
6833
4230
5314
3426
3846
7253
1053
323
5217
7607
1065
4712
7593
3683
2021
550
2720
1482
1744
7152
3926
7581
5117
1659
3664
5353
3296
6323
638
6133
1662
7471
2171
6976
2705
6017
6038
3758
6341
3063
3173
7406
7775
2574
2897
1604
3124
5617
3086
4868
4578
7012
4258
1503
479
7922
6856
3775
6053
7495
1716
7716
6774
3887
6500
1288
1713
4346
5046
8054
7409
28
7268
6993
2602
1973
405
5727
7591
3492
2403
3977
2312
6661
5480
2792
6391
4145
6567
4253
3448
92
3777
2030
3979
2085
3318
5692
6432
173
5554
5649
201
4630
4450
2803
6604
4856
338
6003
156
2742
1788
2468
1211
7268
5260
7603
3221
3636
3664
6669
3728
7441
508
7707
1334
3826
5208
7766
3999
2570
5224
4200
7201
1482
7004
5613
6338
7342
3424
6494
1892
5212
771
3104
4288
6031
2515
7510
1475
6179
5987
5203
5428
6495
4719
6762
2130
1735
6337
6129
4305
3369
2138
3314
4851
950
735
2998
100
4159
1300
1993
1179
2071
5097
5468
8103
7612
4786
1386
5599
2581
6590
2835
885
3117
1405
3015
4852
7742
952
965
2919
3090
4280
7771
4040
5015
2577
4141
983
3877
6134
2162
5949
3039
7630
5860
2459
4224
7246
8058
6806
5644
2701
7691
569
4106
2514
5421
3657
3466
6387
6576
6557
2475
6155
2405
7490
540
6546
281
4418
4488
2444
2175
7527
1882
8035
1794
6107
7089
1660
4721
4542
4361
4220
5111
276
6734
2341
3933
2008
536
2317
373
3011
281
2779
2309
821
1133
2591
5239
5622
5035
7414
4957
6917
7257
6752
4832
6155
220
1361
2505
4582
5581
7616
4858
4123
1765
599
6132
2301
2916
6505
5312
3197
1092
7622
4019
2226
2021
1066
7848
7056
289
4613
5781
7546
3173
2422
5509
3394
3783
8014
7976
1173
7439
4642
5296
1012
5241
3236
3314
8157
1550
434
3163
2642
8056
7182
4868
1885
56
4524
749
345
946
6531
7892
4119
761
5209
7513
4544
5032
7297
5717
4279
3747
2822
5291
796
6058
413
762
7608
848
3925
2059
712
2915
6927
2598
2971
3260
3347
3317
4206
1686
3017
133
2447
34
7647
6992
5066
6752
4517
1153
2308
7339
6445
3104
5206
6858
3866
4622
7706
7791
6681
227
2514
5417
2825
5486
485
6172
611
4691
7859
3628
4824
2114
3662
4279
914
537
2840
5432
1690
5148
4579
8135
60
1593
6802
3927
6216
6316
3526
4705
6543
6041
1930
1176
3335
2415
7349
3946
7106
7016
7574
3739
938
3044
8018
1853
3581
2666
7285
5272
7814
3672
5215
7875
5266
3825
3610
3290
1950
7136
7995
301
4985
1734
1478
128
4149
635
4074
3064
7651
3456
6803
397
6501
6629
2250
1890
1104
1343
7162
726
5016
4186
409
2090
8011
4019
5380
1769
2964
5183
2071
7949
6917
3549
8078
2875
4184
3960
5939
3643
7417
4550
4040
5726
2987
6291
7616
4091
7634
6587
4818
4458
2581
5227
6548
2400
1055
3736
4170
4019
728
6241
3776
7645
1598
3662
2328
5782
7623
75
1233
6848
4625
5273
4382
7613
3372
3806
3512
2815
2201
138
7273
4782
5366
5630
7183
6421
1174
3161
2248
1902
1210
6024
1356
2808
1495
3684
398
926
3760
1631
7774
193
6904
3964
7806
2085
7770
3127
4900
1780
3265
3981
6562
439
1419
5553
6860
2594
522
916
4496
1732
6941
5852
4540
244
1345
4938
1170
5105
6569
752
5298
5282
4716
4913
7367
4294
8040
4075
6074
3113
8056
4445
3553
1284
1806
2221
3878
2329
3138
182
4061
1887
6035
410
2131
7380
5348
3301
4293
3726
4053
1399
816
577
6312
8183
4871
6160
4066
2754
1082
3930
7199
4635
5214
813
6856
900
3142
1802
1083
7204
3689
7118
7614
5820
6306
4770
929
2407
304
4982
3806
1120
5559
1927
1111
2239
8087
5177
4993
977
916
4000
5612
6130
4813
4277
7031
7956
6079
8114
6968
1577
7040
6390
7397
5154
2968
135
7561
3273
5117
3175
4393
2485
5102
5505
4724
4998
2490
1525
5975
3406
5525
3396
1345
2146
7673
184
1910
5560
106
686
7137
7146
7076
6343
4108
1853
6478
3477
5126
3403
6652
1327
5888
3563
6832
2420
369
1131
3945
6344
4537
1278
1548
5882
3425
1029
6066
5335
6590
6172
6022
5535
5126
4906
3686
1042
6759
1972
4519
3693
5376
2980
5021
3072
6543
3661
5493
6912
4792
1246
5064
1138
2525
6613
7020
5950
7642
4895
3093
6040
2875
923
3384
8002
5830
7070
852
4397
851
5372
8091
6227
160
4920
1107
6703
389
6600
5423
5182
7847
2295
6320
2180
716
5148
8130
167
1851
3031
6207
4727
3955
1399
4537
1593
278
5389
5990
1129
2569
5889
7356
2729
2617
271
1240
3007
6872
6663
8189
6527
767
6317
515
1483
3273
453
1650
5125
3484
7858
1660
7439
1065
6197
840
1343
3394
6831
2472
5964
4528
1636
501
7146
1908
1742
1961
588
213
1958
7115
980
83
7630
2464
3356
8083
4114
289
3375
3780
1949
2623
4846
8146
3463
6189
3349
2102
470
1121
6631
2106
1622
5585
4014
3364
7546
4602
3578
1312
3525
4558
1395
2963
7022
4751
2854
2945
5041
6230
6725
6990
661
3379
6945
4124
1377
2102
6227
1847
3223
4666
3953
4845
2059
7968
18
1413
4378
3596
2725
7904
8154
4120
2675
6985
679
5530
1738
5720
3568
271
4519
4229
3651
3272
161
5028
5374
6388
6875
405
2862
2636
5250
4921
2412
5268
6334
6791
672
867
6503
635
4987
986
7620
5667
6516
1166
3195
1892
1437
7714
6121
5088
2794
6283
1924
8168
4479
607
381
7342
3244
5632
4071
5656
2708
2214
4255
3381
3081
2566
4016
8069
3553
3444
5544
1877
4610
547
3770
6047
70
1699
2944
2864
7982
4868
2841
4270
5476
3222
3420
528
662
7491
6184
3371
1513
2248
6752
4595
4814
2576
4472
175
6020
1824
2053
2438
2371
5823
293
2441
7522
3237
5306
7313
8106
8147
3391
5390
3177
6811
5918
3840
6110
3910
7211
7624
6158
5771
4027
2781
155
307
2956
6175
2131
5009
421
4502
2640
714
6944
1971
3952
4058
1092
3866
4013
4483
1064
7190
3102
6982
2838
1020
2700
1857
452
667
7628
4479
3448
7783
4786
6404
5766
6917
3222
6187
3228
5862
6902
1980
7833
2662
6038
733
6528
1859
5216
7592
857
126
6382
3696
1147
890
5553
1599
1557
4990
6079
5005
4581
2673
3218
2156
1399
6440
151
4627
4110
7053
6607
3752
1523
4453
4485
8051
6312
1510
7451
7169
1636
5641
2673
2783
6532
35
4383
8089
5025
2270
4903
1414
4943
8121
3570
6342
6369
3722
2777
2287
2583
1192
6039
4107
5645
2333
3966
3765
3843
3226
2743
5479
675
5416
71
7207
5451
4454
7105
2284
6724
3816
3699
3475
3745
7269
1626
1922
2799
4403
4209
5383
5596
2057
1298
3049
4390
5264
6815
41
298
1366
5520
974
6782
5591
8181
4042
1853
7094
6326
385
2718
1833
3861
6463
911
5487
193
3710
1698
4403
901
7294
6460
2199
2152
2658
7464
775
2699
7762
2141
27
544
731
5619
534
4773
7472
7628
2908
7858
2155
4741
3527
426
5652
822
620
1171
2520
5023
2072
1623
3291
4272
3775
5949
3544
4550
456
3114
6691
483
3659
7422
6102
4193
4004
5383
3629
6912
5049
5784
3461
384
6211
922
1206
6831
2093
3726
3662
4165
5349
6953
245
932
4710
3789
5482
5166
6904
3981
5649
2371
3212
3560
6564
7216
751
2001
5936
5800
7786
1205
6184
5805
2127
7390
4444
4220
2924
8106
194
82
6867
439
1014
3385
4229
6497
359
2941
2286
6008
5312
5498
1376
3684
4522
2127
5685
2266
7927
5279
3472
5919
2892
5599
5117
7336
1628
8042
7250
1822
8124
5925
2261
946
1118
6490
7443
1477
1239
1538
7486
6551
7036
670
2043
3367
2798
7729
5633
2533
4816
913
261
7709
6513
5378
6853
8141
5228
5912
1771
5160
3645
4032
6107
4764
2331
5358
6241
3570
6896
5535
1930
5741
6206
3973
916
812
3510
6549
3345
135
7463
3606
7844
5784
793
6505
5733
6021
4225
7504
2990
7871
3344
905
4443
5675
6263
2492
1054
4968
8028
2984
2517
6042
6957
3433
6854
2276
1790
2007
2411
1061
5614
2063
6845
6407
376
4386
4236
4602
3698
7226
4281
7043
8131
532
4526
6203
3024
5580
2979
2860
372
5496
710
7330
737
7564
1414
2527
1380
3825
3589
6994
5888
2242
5209
6264
6629
1253
2674
2135
288
6955
986
227
7487
5513
6430
2320
2901
1217
5180
3274
6713
5891
2412
7450
5263
3826
1786
6643
7651
5375
5445
5347
7617
2462
3419
6054
3716
6094
8190
4004
4857
984
4231
4153
6497
2470
6473
1207
3687
3461
4481
2209
1160
6893
1467
6424
2527
3253
4875
1986
436
2129
7333
8054
4591
2560
5916
115
462
5914
4119
5320
6899
159
1281
5204
2629
7754
6411
6316
3023
2700
333
4184
1401
1801
2416
3928
5054
7291
5914
5491
1228
5055
5353
5820
7616
3077
5935
8078
800
1863
5206
7699
2022
6487
4711
4651
6049
2931
2775
881
5631
3109
5065
7033
4910
7481
2769
1772
6580
492
7263
7809
5547
4424
5437
4971
7502
3180
4858
110
5043
1872
7809
7065
168
4328
3524
6217
7259
6300
7098
4699
1217
3971
3540
6127
3260
6309
7899
1649
6801
6971
1266
4157
3203
6703
936
2513
1691
5794
2623
6735
7667
2240
5608
7835
6569
941
5860
5636
7241
4767
2143
266
546
5683
6393
3807
3801
6100
5456
2410
4879
6722
6567
8083
5233
7504
2404
6924
5106
5028
5467
4581
7268
2884
4224
5645
3825
1893
3090
2874
6660
5233
3140
7206
2725
1341
2821
6526
7441
85
744
4129
6807
7312
4020
3848
6624
6424
2581
3538
3260
8048
8120
2337
2740
4152
7982
6565
6045
2880
1247
4513
8114
4387
3528
2647
5728
6349
981
4978
6435
1725
915
5050
845
4935
707
7469
3167
3288
2816
6428
3144
2744
573
5885
6896
363
4258
4750
3244
5506
1071
3166
1701
4599
5813
7430
2757
6794
4216
1000
327
5131
6050
1173
1874
6757
450
5041
1853
3266
3277
4998
6010
3850
2691
4715
4214
6949
1273
7458
4263
2344
2432
5965
6944
53
5203
1509
6847
1227
2509
7174
6358
367
155
40
7125
606
5081
786
3872
167
5784
1691
4017
283
6406
39
7233
7679
7497
3304
1831
1737
1077
583
1790
6280
2092
445
7507
4601
7620
5673
4969
7775
5713
3902
189
2603
4688
4062
2770
2281
5753
6787
2564
3967
6827
1605
3454
6132
4910
5285
7870
5987
5869
1468
4076
7961
1914
3391
4371
1342
873
1148
925
6586
5050
1115
997
1546
5177
3767
3827
2738
2363
6392
6705
998
7997
1967
7130
4715
7252
6808
2511
4929
85
6587
4699
1999
1786
878
3341
2659
2026
4266
1054
7076
5381
2051
430
2366
5819
4258
5104
8182
2458
3617
988
2263
5584
8118
6979
4645
6735
1298
1382
6820
7885
6081
627
1479
6959
3968
4139
793
42
5193
7869
5424
7244
108
7790
4871
4366
4703
4861
6824
128
5849
895
5713
5776
7874
2166
4319
980
3548
2947
673
1438
3574
2153
205
7542
6292
999
7584
3293
676
4816
2345
784
4415
7217
5150
926
3886
3782
1054
1544
4678
6767
7320
4360
741
3447
5341
4290
6394
6014
5728
1776
8167
5933
1126
6267
6932
518
1368
7609
5335
3714
201
1558
2739
5352
2484
6625
942
3538
8169
5620
2114
7297
1789
2855
2552
7130
7145
754
4952
4681
2530
4928
2423
3656
3003
1163
4175
4372
580
1318
8086
782
2876
2633
6134
5360
1066
7076
706
1044
4505
2820
149
6294
5676
2702
5232
4629
3456
1992
1119
5987
6920
3542
1451
1732
4705
5626
6104
5286
6944
5998
6068
1628
439
4010
6988
1505
2894
7695
2549
7399
2323
2699
5501
7999
5401
2541
4437
665
4534
5556
6652
3262
906
8104
4994
5611
5538
2906
2705
4291
712
581
5919
1151
4591
4716
2657
7486
4219
5206
6693
6542
7905
4003
6350
5114
6544
2595
5780
2886
8151
4240
6149
865
4152
2951
6476
1499
5858
990
5790
6570
1571
3517
7722
6163
41
2187
5457
4260
7393
3958
2611
7107
7961
769
4029
6314
3364
1617
1008
3323
5858
7157
4188
1818
1917
2472
3317
7775
3462
915
6153
5034
4433
5683
3005
4474
7870
270
543
7072
4228
3154
5987
3998
3923
1824
2120
7287
3442
3128
2418
1108
2094
6606
2926
4011
886
6244
3594
4349
7159
1555
1191
3400
7239
4196
7875
6917
4466
226
5797
502
3380
3592
4500
7303
5417
6620
6398
667
1557
624
1775
3651
7230
4701
7662
8116
2753
3064
4273
1721
4619
5464
5121
3666
1468
4804
2392
5934
5030
8189
6437
218
3590
2745
7521
815
1174
5727
1482
2731
6351
3257
6382
5389
7958
5852
5314
2520
724
1395
4241
5343
6860
1170
818
136
5975
3210
6071
2813
3207
4316
3032
6797
7061
2361
7612
43
8089
902
2774
6248
4159
964
3446
3926
6816
568
6446
7540
1963
2495
4692
631
3665
5510
768
1448
528
6839
4262
3735
2963
7294
2341
1832
1463
1761
1876
1360
2664
4650
7609
6823
5615
2863
2557
4239
3431
811
3588
5394
3306
88
6026
6972
5598
6794
228
6126
5441
4490
1669
212
3592
4010
2044
5056
5772
3920
6416
244
379
5833
7067
5994
504
1433
2041
3935
2244
5629
1138
5551
5717
7164
4331
3123
5766
4559
1057
3015
858
2727
3227
4450
6737
5271
1314
4317
1000
7731
4561
1379
5372
3437
7373
5877
4870
1222
1620
7114
6852
2758
4473
4377
1730
612
7501
7496
5172
366
2319
6030
3093
5546
2288
1639
2626
3603
5956
3626
3142
2326
5005
322
5763
4186
6199
2441
5408
7820
1363
4068
2386
5837
254
4117
6449
7755
3421
3429
8121
5741
1267
3023
3095
3556
4662
5721
7159
2426
1155
2109
4752
6160
2431
2323
2154
439
4764
7563
67
6128
3439
2453
3773
3693
6570
2030
3256
1800
5460
3186
7541
6727
6209
2444
2091
2679
8166
1058
5105
1129
3167
1666
7290
5599
3989
1252
6038
562
623
6105
6690
4063
366
2271
7756
6937
4301
2821
545
1569
6007
8086
105
4024
2338
2196
6703
2312
3255
3616
3442
6422
5282
2540
3829
1080
3792
1675
1642
4416
7780
140
287
8147
2411
8043
6892
6712
2672
7437
90
487
7331
195
4511
1477
2391
3022
3790
5646
6639
7232
3877
3729
1580
7706
4809
5372
1190
6451
1596
778
6591
1883
733
810
1735
7625
7523
4407
6870
7613
4895
6009
7808
1214
7487
2007
4237
3085
7654
2684
2125
3339
6413
3705
2853
3031
885
4043
1290
2482
4822
7882
4365
5555
500
6100
4989
8023
2316
3667
7444
7211
1485
7060
233
780
876
4470
3865
338
7154
5990
3677
5376
1503
6530
215
2388
2382
1505
4870
7204
1195
1044
4567
1696
7144
1364
1527
1268
5032
780
287
6517
7840
521
7297
524
4991
2970
862
3954
768
4539
1138
2271
2878
1353
4659
5260
2858
1338
4272
4054
2382
647
5750
1334
2012
7277
2603
7044
8057
2890
5369
7706
3411
4474
38
211
7444
901
4165
20
5440
5303
2291
126
6656
6950
5386
1322
96
1466
5376
2478
2114
2934
3813
4126
2020
6416
2978
1885
1114
155
1399
4526
4629
1438
4737
3881
2339
710
3901
7779
6013
6192
7906
4477
4950
5100
5799
5047
6567
2984
7525
489
5918
3146
4615
7938
1370
7593
1632
2485
7748
3031
7011
4185
4469
3556
8066
6808
4266
3775
6396
2087
1775
6110
6564
6725
3018
4171
3580
1393
7155
2914
1882
4882
6060
6497
4628
7431
5898
6260
1724
5454
1100
543
1447
5569
4099
1321
4186
173
5096
2390
2260
6871
308
632
5405
3326
4803
793
4720
3767
3707
6602
457
1576
4908
5085
815
2614
3154
2539
8069
4254
3082
1324
1631
7181
2646
5817
7354
7742
15
1422
6422
323
2054
3635
3650
6857
4428
178
2432
8136
6780
2889
1520
3496
7975
2335
6111
2937
4874
5988
7191
7956
7312
630
6945
1766
6448
6107
1317
6463
7529
7739
6787
1391
3182
2245
56
7610
2423
2489
7554
1011
5378
882
4508
5161
3217
2427
8098
8091
223
7097
7855
7535
7728
6608
1110
5984
4523
2427
4255
3860
1974
2850
5251
5156
5095
5308
4574
7518
7797
3937
338
4983
4819
4846
1953
8037
7273
1859
7936
7496
765
7600
6839
301
6016
7949
6285
2348
2184
2348
6208
4158
5199
3268
1122
2102
384
5697
1429
8181
1442
1767
4972
6261
6613
6925
6106
5694
593
5851
4998
1358
5259
3645
1659
3083
3403
7944
5431
5587
2100
3448
1554
7299
6716
2676
1210
7100
181
2639
7089
1623
4406
3869
7885
2827
2603
5799
329
3196
3458
5327
4554
525
780
6213
3609
4183
5965
848
1579
8065
4296
3133
7173
2820
5809
191
1728
5991
2830
625
7614
7236
4495
7307
1871
7098
4915
2200
2102
181
7527
6656
707
115
4677
4316
4299
2450
5164
5878
2323
1269
819
1304
4089
6628
1495
5818
4427
4325
6443
3850
3369
2746
2965
5240
1652
7880
7440
3754
8062
6775
2218
577
6891
6895
4893
2998
1153
1865
684
3477
3134
1503
4781
7224
8131
6277
4850
4367
2410
3101
25
5780
5848
2990
2828
7500
2679
2077
3063
2549
660
5281
3126
7551
3985
8019
2357
5138
1692
3041
423
4827
4544
5205
3859
4484
3290
517
659
5700
3618
684
3288
1274
3674
6117
583
6353
2
3646
710
662
735
3836
22
4720
3663
2379
1667
5356
5421
2090
1991
1773
7295
5850
6257
2393
6367
6916
8094
1793
7600
3190
3068
3083
1115
3651
1244
1117
7297
1955
1780
8032
5791
1802
4561
1263
4181
6228
6619
1410
126
418
3184
7422
6268
1249
1623
4443
8166
1525
6236
7574
4716
1112
2465
5831
4763
3710
6949
3868
5665
537
3709
3264
2339
78
4527
6520
6306
2954
7931
6432
3372
2923
5662
1448
4172
7286
5891
4146
619
3936
3529
5335
5048
5994
2975
1620
1512
1732
5488
7177
2269
1005
2250
4608
1083
6777
2936
7389
1540
2675
5630
4912
5598
3100
6361
1579
2194
4060
5725
2814
7996
1062
8149
4853
7057
2932
6473
377
4664
3769
7555
6933
4775
1613
3349
5858
198
6286
5056
1738
769
2494
6651
6368
5594
4820
7947
7789
688
5480
2411
493
6543
2368
5346
5408
5301
3627
5785
1773
7396
5148
515
3979
6761
3864
1646
6960
1958
6702
506
2728
1004
7157
904
6598
3785
659
6195
4474
6139
414
4967
4490
2783
2121
1706
8084
5748
7492
1665
4952
4448
2180
740
3018
6045
2386
1786
8003
896
2292
2539
1900
1258
3443
306
5043
4102
6502
1325
2050
6916
6292
6540
1507
221
55
1399
5969
7547
3065
2730
3803
5245
3470
6821
3098
5856
415
2910
6752
2708
5449
460
3966
701
766
817
4803
7268
2143
6853
5993
243
5202
7500
465
5257
708
6434
4612
3773
972
223
826
4442
7045
3925
2106
7460
6835
666
1976
4092
1126
5942
4793
1893
6760
1405
969
711
66
6962
954
5268
6271
1419
2333
6979
7854
6945
2560
634
7169
3386
5077
6022
7311
7183
5290
5954
7850
7267
1855
784
5017
6648
2677
3585
8053
3647
4296
8120
2417
5251
5196
496
6670
7530
7475
6332
6283
1843
6967
5260
5230
3852
3090
4349
2843
189
2112
2501
7456
3967
3286
4281
2423
5963
7867
2285
1418
3971
2213
3836
1030
7409
4332
7701
6747
3616
5841
4839
5459
4616
1907
2497
276
4998
6847
3120
5187
767
5621
4451
4734
715
540
7157
6679
215
1250
8097
4187
3463
3741
5217
2681
8074
4726
1236
3498
2376
6075
765
6992
7983
3263
7269
4789
1918
2197
1784
2685
7818
6235
7419
342
6775
6384
7021
6991
7635
6926
2986
2906
2476
11
5587
2358
4738
6824
5856
7114
4707
6621
5914
4498
1692
4991
1095
3610
7188
2879
6295
6815
922
5522
7157
7698
3715
5986
6497
3158
4720
1291
6064
7196
1302
3460
1362
6040
2092
7218
4962
6799
5648
2685
3106
7340
7676
4201
2759
6673
7081
862
5296
8003
6385
4261
7509
1908
2055
5814
5066
6775
7105
2938
5780
216
6398
7142
6256
298
6169
3027
7098
3625
5712
2012
2773
5196
6213
5532
3677
5102
6395
781
4914
4588
5042
4231
6496
7097
1854
3370
5681
767
6308
3269
983
4515
2219
7240
4813
196
2075
3719
3821
7787
5731
6595
4791
3753
3935
277
663
2138
1058
5577
6726
6101
1617
5030
5006
3471
208
2495
4238
6517
5764
5222
2840
7984
4270
7653
8180
6345
3181
3810
5940
720
2213
2539
4473
6148
2816
5137
95
3875
2522
6821
1784
4139
3660
6790
7610
3868
1094
3657
2193
6858
687
5033
6650
4957
4495
6639
3110
7676
2257
858
204
4470
3397
4678
2426
6214
1623
2521
1897
4145
1151
3681
93
4811
2279
7703
487
3373
3168
2681
2040
3855
7714
498
620
4017
7137
3730
3501
1202
4588
3706
5672
7986
192
8099
6008
1815
2428
7905
5960
3579
3394
6053
198
5673
5565
686
855
541
3367
2895
4397
2889
3393
5017
6907
2339
556
2216
3541
5144
5922
1022
4938
6114
929
2754
7929
3357
2467
5698
6937
5861
3559
7135
3343
932
7821
4198
1474
2996
7093
5871
5886
2294
2696
4601
4633
3252
6817
8175
205
4548
1005
5143
2470
1934
7898
2208
5291
2173
7906
4036
8035
3273
2980
3186
4206
2609
7384
5680
5606
6285
3359
3300
387
6055
7901
5021
1116
6526
5004
1321
2882
6009
6464
5353
7943
6170
7561
5042
152
7275
887
8187
2356
3867
3181
6562
6476
2373
4050
3890
466
7409
7190
853
5273
6899
5874
6389
5234
2686
7710
8116
503
5982
5277
254
3961
4646
5297
4113
3729
6184
4108
6086
1859
7289
4456
143
1470
315
4034
1936
7724
3032
2789
4805
1740
472
3002
6974
3158
2520
6898
3662
311
3984
3916
4272
438
1021
193
4168
7205
4301
2062
872
3398
6518
1016
4868
6833
5050
6804
6366
8082
1401
2979
1630
1873
5982
412
5032
310
7311
502
621
3103
4418
4893
3541
5440
5086
7709
4453
1195
1579
5326
4593
8098
6342
1269
6739
3200
8073
4913
3090
1283
7893
4721
3156
5683
5133
8188
5993
4252
498
6615
7355
4917
3316
2705
2165
211
2222
6618
1406
3802
3752
6000
3708
1902
7269
2255
5102
7151
7169
1
242
6870
4722
3398
4361
1663
3395
2162
5916
3893
585
5079
618
3902
7784
2783
4113
1815
1210
5519
5617
4962
3327
1133
6865
2405
3388
3775
1364
2365
3776
1606
1043
306
5004
5404
1970
207
7567
7886
4101
8152
4773
4719
3862
4366
7503
7975
6181
521
5303
3606
5483
438
4739
4156
2843
8127
7932
4207
2301
3516
5813
3344
3823
2626
557
5793
2833
8124
5487
6934
8084
2068
3462
3755
6434
2773
3538
4423
3294
649
8029
585
1088
4576
4742
3931
4512
4482
8139
6813
7998
5760
1965
3629
194
2522
1230
3028
2454
6717
1770
2347
594
5232
6102
7028
8005
1448
3260
3107
2098
3097
3693
3186
7674
243
7117
3994
4725
7064
2615
4531
4633
4580
8161
4827
7103
1199
7855
1365
7917
1434
3712
319
6666
1622
7347
6480
3071
2415
1395
5169
5513
5088
163
4995
5331
7280
797
1864
6153
3412
6396
2594
7992
6365
7421
6903
7564
7085
77
7289
327
3789
7608
6993
5412
6764
5281
291
987
6677
5460
6500
3573
5623
3303
713
4711
4100
2577
2672
7512
781
5266
7313
7146
4496
6024
6519
3389
6101
5616
3716
1699
5033
2517
7111
3605
7799
7402
4592
6284
4670
2901
1665
2101
6204
2378
6812
2113
4956
1293
1433
5737
6559
554
4692
2863
6579
3019
6252
4488
443
1776
6187
5476
4294
5106
889
3901
4316
5482
1993
794
191
3658
2895
6395
6037
1516
316
2801
2809
1750
346
1176
2304
5038
4040
691
8057
2100
5180
309
3877
3175
5785
8171
90
6675
3880
4406
3965
5873
5201
4156
1339
8096
2359
7376
1420
2676
1985
4229
4426
2332
5406
6730
7370
1254
7422
7236
3354
4410
7545
7231
7585
5138
7210
7675
3621
2898
3890
7586
579
899
3550
1919
803
5910
1103
2224
394
3089
6453
4820
5421
3667
3358
4599
4921
2588
3643
84
6998
2996
7315
6392
8135
6334
5875
3564
1040
1573
2959
1620
2472
6509
3539
3276
4227
4642
5500
4621
7731
3761
1249
4960
7429
4608
1368
4158
7196
5011
4242
6003
8008
3366
4203
7951
1508
1886
3323
2548
3460
6282
4168
5932
4600
7707
1016
635
4158
6516
5257
3697
2086
6506
466
1323
2922
1834
5481
1927
6845
1532
7930
6661
4898
3941
6420
6406
5827
1552
762
1095
7834
4931
7028
4242
4446
8044
4878
412
6369
1943
4110
263
257
4576
1586
3180
6410
7067
5107
5063
407
4845
3533
5305
594
1761
3519
6421
3313
4282
7517
2956
1021
6353
7198
5467
6205
3884
5880
4382
5827
1798
4645
6085
6374
6231
1073
4592
5107
6180
1463
5514
2833
4996
2628
3427
6758
6147
1656
1879
2237
981
4835
3258
7334
3842
534
5348
7726
6414
1538
5362
20
6184
3255
6394
4223
4328
2794
1138
2316
4257
6653
5149
1062
1089
384
7820
7236
2040
1507
1282
3022
6343
4540
2164
1993
5074
7512
1527
3296
859
6889
3316
7043
1952
1518
3074
6280
4312
4213
404
378
2674
5553
1440
3763
5937
1068
2807
7978
2575
4089
2808
726
438
4972
2719
5512
4293
4247
617
5152
2944
3933
4003
4897
5452
7077
2985
1572
3098
3390
1950
5772
751
3390
1343
6689
4458
4151
6475
7034
48
1091
7760
486
6063
2288
5999
2164
6535
6616
7316
1287
2357
3127
6184
7809
2013
978
1190
5111
4368
3140
2692
5119
6531
4035
3616
2797
8186
1899
1639
43
2990
1208
529
862
3496
6528
3026
1839
4952
2151
3126
7310
5278
1119
6927
7291
2097
8117
4211
6465
3066
6903
3392
1405
2746
7009
4202
2741
716
5842
2784
3707
7050
3313
4569
2354
1650
7595
4193
6602
1554
7319
5720
6833
246
4456
5932
2343
4381
1951
616
7447
662
4009
660
3409
2826
4863
6150
3542
2513
742
7249
1371
4055
3626
3725
5705
3030
7918
4116
4584
7045
1644
3225
7292
6100
966
1443
2290
2917
2060
1545
3580
6069
2206
6989
703
7069
4947
4245
1390
5689
3303
2761
1552
6929
6486
7258
1767
6212
3182
6352
5065
4826
1385
4165
2735
2351
5609
5025
5269
7669
6570
657
5546
584
7646
6249
7653
4401
2302
851
1898
5605
3612
3450
4343
1906
2516
6110
8118
5698
4270
4992
2333
5656
965
5068
8007
6574
1901
5084
6051
279
5741
3405
864
5195
1462
325
1404
3765
1177
3302
1178
4789
6753
5521
6696
1077
3440
6622
6776
7710
3422
917
5174
4388
5985
4990
2770
7886
1882
630
8165
7624
4035
837
4627
5498
1163
6032
1071
2340
1142
2249
7129
7895
7771
5633
781
3019
4064
7557
2537
7486
282
7712
3682
6267
4510
6453
5961
6392
7083
5934
5824
2926
6772
2260
232
7935
100
1303
2083
1242
3553
1020
946
3132
6654
1727
6151
2526
1092
496
1820
1374
16
5503
7641
4526
3764
5410
2727
2655
3152
359
5581
1732
2619
5814
1475
2719
7117
3558
3962
2478
4579
4908
5610
3041
6635
3569
5567
7727
4066
7387
909
4082
4698
358
417
270
5768
3144
2925
728
3503
315
2461
6123
6129
3936
650
5054
7495
4612
7533
3882
1328
4951
6923
7963
329
4298
7498
4395
3493
215
285
0
573
702
270
6341
3846
3196
7070
7350
3511
1339
5281
1448
5275
5931
6502
4578
2352
5843
268
3680
2603
7191
3452
2932
3297
2758
7327
6791
2974
7612
6791
3547
123
7061
1697
3969
2065
575
3127
5576
1914
216
7024
7189
6148
5335
3576
308
2986
3844
3988
5589
2844
7440
329
6141
2007
7656
4740
4981
7077
3339
336
7200
2209
2033
2977
4274
2608
6105
1659
4522
6321
491
3520
4277
5826
7096
4585
621
2748
382
6210
5592
7822
6540
3542
1637
6004
90
6618
4889
3430
6955
3897
5639
796
6875
1721
3405
4788
3380
7927
2917
3872
3255
7195
1506
2159
3588
2127
4908
3970
146
2308
3601
6686
5850
5238
4498
5941
3665
1196
1179
2428
5093
6818
3224
3776
347
6629
372
3728
6365
3290
7600
1428
2293
914
3588
5881
3042
304
1660
3188
2612
5261
1682
271
2307
6180
6212
5972
7376
7391
208
4278
6017
3433
8054
6364
1870
235
1900
43
3525
1308
1472
5818
2223
5060
3507
5265
5364
5167
261
7976
2236
1943
55
4544
8123
6267
2324
7308
5466
2533
3394
3291
5966
3256
1464
7836
3491
3364
7880
7016
4673
1160
4642
6896
6220
8150
3969
3392
5125
4230
3176
7362
6173
3232
3714
6104
1307
6038
5220
6774
379
422
1873
6345
3679
3337
5990
7170
6702
5678
5995
3183
6838
2445
1887
4866
2403
5856
66
7529
1894
3242
6699
8067
6474
2221
5979
7782
67
3008
6364
447
3430
45
6792
7109
3383
4590
6088
1893
2076
3891
5076
722
6336
6963
5588
548
4627
5654
8077
6521
705
6584
6396
7179
613
4183
6769
680
7191
4941
1127
2430
4987
7920
1347
178
4318
7435
2071
6395
3134
7147
7117
1279
5918
4514
1827
2353
1976
1712
682
2681
104
7078
1669
717
3069
246
1397
2069
5188
2525
4499
1983
2253
5846
2161
6571
5090
4232
4774
32
3187
3700
1311
913
22
3138
3266
1998
4850
3948
4680
4954
2834
6349
5671
5903
6595
7069
7972
3591
1402
4279
5574
3655
1934
7735
2034
7024
3775
6809
7056
6962
2317
176
7875
2339
3314
2949
4337
8165
6897
825
4927
1539
7174
2407
7443
5578
1284
7223
977
2686
3311
6552
6341
5245
6095
183
4077
1679
6992
2941
449
1117
3117
133
3456
6432
3082
7794
6405
1788
427
3140
3327
7602
5547
2578
4988
6831
1610
5965
1325
4921
4325
7666
1974
2229
7850
6051
3908
6650
800
4357
7768
3918
4490
3032
2158
7573
2634
371
1169
3062
3511
4496
2472
867
7075
7460
7698
493
5233
832
5414
1367
306
7388
3596
8156
5247
7504
6615
6047
3669
6191
1773
8160
1031
3931
7541
3666
4302
518
6728
7814
5014
1008
489
3897
276
8187
4390
5509
827
1612
6876
1134
808
2280
1098
6055
1592
7713
3911
5262
5712
5684
5230
6744
1424
4579
2218
5726
5097
754
5348
1919
1762
5837
5817
2038
5833
2015
7547
6660
3628
6232
7794
4436
320
701
2300
1913
222
6211
7175
5935
3703
4213
4487
5127
600
6705
2662
5697
7459
8010
7616
1029
5656
5241
3067
3297
7257
2422
1765
2693
462
1368
7129
783
2069
1237
2696
2291
7448
1679
34
2960
5892
4521
8087
6492
3034
2557
3997
2301
2376
3421
3330
8032
471
6397
3137
7728
628
4902
2229
1090
6270
1166
1873
147
2404
4569
2439
1660
6248
2473
4620
3948
6995
4516
2248
1837
7073
6245
4139
1257
1475
7469
1097
1946
5675
4234
1482
6303
945
3711
7393
7215
4877
1075
7363
7281
5644
1610
750
3701
4083
5370
7649
2886
1694
1706
4724
576
7951
671
1833
1234
8140
2931
3180
5623
7165
4662
3734
8110
181
2936
7134
5059
4011
6305
4148
1463
7915
4898
5164
3806
2077
4622
6693
3771
6328
3225
4347
6087
3896
6181
7322
3844
920
2310
1276
8085
6973
5010
8004
7154
7946
6946
4021
3765
5059
8170
5229
4782
4876
2201
396
6953
6823
7089
2533
4959
2122
6880
2855
6018
4869
1985
1671
5789
4295
2947
5683
3076
7957
5495
2039
7712
4249
6060
3285
1116
6038
322
5898
2723
2524
6294
1484
1155
5192
4017
6115
7314
2706
778
5141
7575
2763
6812
5173
7058
1567
2664
1943
1332
8159
3982
852
4216
1850
4138
5332
7889
4460
3038
2420
6984
1140
3904
8140
6332
7922
6063
5455
2436
6841
2404
1819
1412
1024
6992
278
2591
1464
2221
3923
1431
6203
4776
5647
8054
722
2787
7751
5182
5825
1979
3975
6966
5883
3923
5106
5613
1794
2369
8049
443
4773
1677
1855
5797
477
2133
196
1942
4355
4120
3373
2366
704
829
2228
1426
3616
1787
6608
1250
3766
2391
24
1458
6314
5130
7071
8108
7500
6929
359
4081
414
2214
1687
891
4348
1883
2833
511
6003
6207
2877
6707
7036
5106
8133
2460
6893
6550
3710
2468
749
3734
3926
7064
673
2805
6980
8173
1542
7340
4062
1956
1362
5749
2848
5710
7633
5681
6221
5444
3696
907
3960
2540
6013
3901
5001
4714
2259
519
7182
3009
4254
2916
1881
4927
5722
669
4908
7264
8009
778
1029
1180
6528
3877
6890
5969
1366
4920
3221
5063
5827
7181
7603
3648
2891
4412
170
5150
4932
7353
8159
994
2077
1848
5921
7799
2518
2637
6872
2335
3415
7901
3515
1751
3586
2214
7720
4952
7134
2750
1823
4769
1739
1235
225
4630
5647
395
1589
2387
7748
1556
3381
1634
3405
1110
1241
5923
3747
8113
66
7163
7822
3582
722
3216
5796
251
8169
4738
3001
1800
1315
4740
3035
1540
1179
491
1935
2768
2878
1492
4324
6260
3126
7729
7370
4367
5460
2926
4289
5527
1897
3919
917
2619
7136
6713
2870
7113
3259
5871
721
4574
2420
3757
6114
3599
4248
8049
6367
7126
1349
2499
5194
4475
2037
4373
651
7497
7299
4940
4832
1004
667
5749
3623
7803
4270
6494
6724
7529
4173
7446
3911
6593
3011
1833
2000
7259
1691
175
6193
3040
2675
3196
7516
4712
7569
8167
4017
6676
4915
658
7680
5582
6407
3111
5194
2486
1413
3726
1823
5587
2980
5735
3988
5991
7568
5989
5058
1067
6164
3060
4108
647
6256
3432
5359
5633
3407
1185
4117
130
1843
3605
5712
58
6716
2714
2544
8130
6441
4368
5525
1229
1911
1321
7221
1287
7310
4087
2355
5283
7147
6463
5930
5211
1703
3098
2652
5110
4283
6769
5240
6126
2182
2760
6184
707
5475
537
645
3724
4905
6170
4953
6816
7491
3982
8103
6610
8070
2266
3701
7025
537
1439
4045
2240
4537
6697
7350
628
5275
4398
6754
7457
7159
4747
8164
4442
5284
617
8166
1997
6787
4927
621
6087
718
532
4505
596
2799
14
7621
3336
1453
3474
5577
5991
1980
4735
6619
7255
942
5182
6520
8101
1737
6493
4351
7021
7110
4325
826
5706
1060
1447
3601
1778
1979
8106
2374
4778
8120
1804
8115
1381
5278
5500
7372
7258
2043
5800
6321
2985
2790
4650
2894
4527
2951
7245
3356
1869
3378
4182
7575
4439
5629
2984
6217
7608
2898
400
4195
2826
2204
4118
4208
7482
1426
3388
6549
3469
996
4678
6455
3786
1136
1157
121
4087
211
3477
5957
3589
7659
5340
8028
5096
133
6054
4513
3031
6454
516
5858
466
4634
1874
7948
6060
5262
6305
1337
6259
2792
7792
1853
3928
758
1975
8016
969
5452
5781
4558
4920
2929
4395
1824
3062
2257
6337
6094
519
6853
3760
985
3295
5634
741
1163
2704
7047
2501
771
1647
2101
2625
5575
2859
4600
5399
3828
1860
2988
195
6780
5918
4590
413
788
6847
6750
6882
7366
5412
2450
159
515
8084
900
1679
2597
7947
4180
3368
1402
6281
5993
6978
949
2401
4185
4777
4262
7174
4972
2850
4900
1370
3263
5688
25
1822
4379
7391
7234
6829
7550
7749
6722
259
1236
1127
14
5416
4495
1417
3506
2297
203
4455
4698
4388
1040
768
3370
6013
3619
78
7383
6882
5767
7409
512
1954
6608
7746
591
5967
7304
7313
6226
348
248
6240
5765
4744
7657
1079
7041
7860
5534
3547
4057
6574
4316
7427
4395
7935
7506
3587
6625
5081
2804
7138
7035
1220
6692
7626
7187
5804
6748
5221
6153
6996
3270
3726
3548
2735
4805
2397
2404
2147
5945
6461
529
2069
5696
4925
