12725
2446
1240
7209
12963
10869
3366
15043
1487
12154
5848
16366
6316
15390
13133
172
11393
10350
4719
4410
5887
12753
10466
1617
13800
8221
13964
848
13462
13911
3767
9803
16357
5007
628
12936
15876
3995
11595
980
16149
1060
962
6082
66
14095
6254
11459
8061
10974
15869
13949
7343
9951
15566
4759
1788
13146
5607
15250
10673
9374
8670
10646
14382
9298
7199
13874
13293
2410
14854
13059
3470
15816
2757
3536
13527
9011
14995
5205
3601
14480
2770
10945
8048
1952
15704
9836
15098
4928
8703
9387
14302
989
3649
12300
10287
10848
9791
7197
13259
8261
3872
345
7694
6629
3882
4837
15640
2493
10042
2858
590
12812
13803
8638
14764
13123
2090
13478
1667
10793
6481
15970
11782
10131
11886
5686
4595
5293
12883
1470
13555
371
1816
4865
7000
5698
9702
6256
8191
3361
9114
8781
16173
6533
1035
14554
3273
3126
11648
4940
13919
1746
4526
9318
11877
29
15004
88
5322
11503
1559
2493
11874
3375
7358
2490
9073
677
8746
880
4038
1477
9662
3827
8010
10697
1997
11283
13823
13646
16224
11359
15392
4366
4293
10885
4395
2913
10973
9718
14416
12532
12211
9906
15907
3186
12396
8596
3863
4758
9477
7901
6235
2755
11728
14246
13452
13726
9145
10892
10988
8985
5867
9996
13352
10160
4497
1363
13073
15470
11081
11105
11619
6909
4627
11142
10095
639
3355
13958
5397
12832
5475
11633
15587
819
9495
12655
14545
2256
7163
9149
11242
13030
2761
8210
6806
7258
9573
3495
6345
4271
14600
1580
11180
2843
12722
4891
3482
16077
2465
8880
12525
7940
4129
11728
8759
13624
8000
6921
15880
15163
16070
10738
11810
2448
2564
2232
9706
12138
5728
16051
25
3944
1247
11205
6788
13970
16096
10270
13663
2177
2766
9805
10117
6895
5149
2492
4135
13149
9413
3632
11929
9100
14370
7355
11548
551
9587
4870
12689
15315
4538
12714
2876
5785
7535
9664
3371
7247
3550
651
9424
6317
10456
3157
13212
15605
5649
964
12371
15063
4596
7916
7779
2582
15271
2943
3133
8474
7813
15822
7406
12351
12152
10282
1753
3303
3562
5124
10550
7112
5775
3590
13429
16231
6747
10258
15453
12397
11222
11440
11076
15818
2972
2471
2016
1859
5414
5150
10333
13227
4588
1355
9195
357
11637
10948
3660
15199
16072
14211
5928
5464
1417
2973
5311
8165
13231
4380
4178
8069
15820
15254
7503
2408
1341
9520
4267
6755
14670
14601
3598
2874
15956
12793
3231
11210
7357
6892
10025
7046
4719
15953
12510
6136
2543
1437
14301
15774
5818
2095
7460
5254
965
14963
7663
2306
8099
11930
9061
6385
10147
12660
9260
9720
9069
12491
4546
43
2999
14571
7089
7718
14141
3215
13855
300
4652
11772
16074
10470
13868
7150
15725
14833
5730
7004
756
13829
2550
9817
3831
12698
6093
13091
6034
15163
9198
10580
15206
12198
8767
5911
3532
6524
9126
1003
6824
13778
12776
6515
7865
10260
13665
7206
8709
3011
14210
9465
457
376
2899
4288
13074
8992
995
2724
7771
10193
13304
6593
6007
5688
12504
9540
12212
5246
10543
2653
2641
6935
9168
10506
811
6449
1328
9521
9461
15538
2602
9918
15914
5501
14206
12605
14494
15201
15329
5881
9010
12250
12475
15018
1554
8595
8174
13766
13842
2333
35
99
9269
9203
10605
10080
15653
11933
3217
8730
11087
5820
2264
10617
11321
86
6838
9431
15287
5784
15313
7913
1650
11404
6547
3204
3615
14721
586
1073
671
622
1172
9940
9825
11777
3636
9094
7326
6854
1440
2029
12674
3704
12647
7611
3790
3101
659
2693
8885
15972
10607
10535
10992
770
13739
14607
15492
14326
15681
16163
14948
469
9719
8389
12247
13355
1100
3189
3825
2540
5219
115
6245
1482
7727
10035
4583
8386
12729
13469
7974
6952
7620
2582
7722
4976
805
6830
2918
102
6609
1482
572
16328
9871
12819
13300
10971
16008
741
13512
4843
857
3373
6325
8584
13408
10909
586
9753
7994
8560
321
15614
11142
8044
4206
11947
14874
7124
12050
5100
8606
12622
5044
2094
9057
1960
13065
8681
2702
10193
13525
3559
13566
3466
12143
10591
14375
12729
3960
5985
4905
4282
5216
16047
12326
9422
11610
10816
163
7276
15916
8769
3514
4577
10863
12571
6537
7545
4869
9239
1354
2010
12798
14921
5476
8557
9128
3468
4902
13088
9453
9807
986
14669
9470
13312
7708
4697
7745
7871
11973
7277
256
15488
11854
11120
11675
2008
2281
160
11247
3635
2170
7662
2172
7647
16219
11300
11115
4738
8005
4184
14545
8991
2470
7632
5920
10178
12329
13665
1665
7918
4558
1921
7022
29
13041
2314
2037
15322
2474
13284
2574
4645
4562
4746
12292
4398
16047
7023
9136
7668
11207
7297
275
13677
14929
6195
7471
10874
3476
9136
2409
8035
11058
9431
8064
7715
11745
10101
6654
14220
7001
9228
2481
11564
13974
14773
15962
13637
5412
8714
4921
235
16011
5197
13913
14557
11392
5000
9047
14869
14137
11456
6520
8811
4504
14584
142
16249
8301
6796
14085
15302
16024
182
10482
13615
14955
10060
10868
3983
2390
15790
4219
2018
4603
1748
191
15995
6748
9238
14480
4501
4311
4616
13312
8815
2816
13455
8680
11117
3867
6382
10036
3508
6564
4134
739
5136
14195
11607
9119
201
11013
13338
2219
15616
15086
2410
15228
5451
11649
13324
9952
15960
1557
6881
8391
4373
3952
687
15491
7819
7069
9143
11327
13634
13277
12066
2386
11088
7290
11505
11290
1919
8460
13509
1152
7162
15920
16380
12613
11185
13320
6182
10761
14877
13063
2768
2867
631
3455
1974
8450
10525
11117
3394
7775
8010
15460
10161
2715
6366
5282
14005
8286
13742
11130
9438
4521
10666
9434
750
5467
6370
6932
16228
4864
3611
2612
7731
4242
6068
9705
12693
209
4438
16087
7984
12448
15163
1761
15163
5146
7043
12784
13432
4402
7531
6486
8923
1813
15920
9673
7281
5906
222
7125
10770
3833
9738
2117
8076
15806
11822
4385
16015
16260
4088
7615
12325
2867
9376
11104
8013
35
7505
5061
4437
15036
11547
13360
465
11083
6650
7746
606
6872
14872
11376
10705
8226
13494
2397
7648
8932
6782
7279
8809
10870
14894
4750
13738
7886
15854
5367
7921
6975
10429
12359
5627
5592
9335
6093
292
15985
13839
898
6473
12327
12274
795
4169
9384
3192
11817
1933
9975
2712
10742
4461
1222
15492
1815
9108
14962
7183
646
5554
1228
13005
11181
6820
5956
890
7112
5558
14730
8010
12031
10673
3901
12826
14843
13285
16019
10276
15218
9610
12989
9576
14071
14211
8684
15887
6936
7263
6686
7582
12817
7914
4203
7614
14734
10159
8505
5463
15717
6851
13473
11365
1140
990
7807
15983
14276
7442
9876
13110
668
6481
6303
14740
4308
14987
14243
11244
5866
4545
2442
2299
12459
6645
9914
10809
421
2035
16272
16138
8886
13362
11119
10026
14352
2543
9626
12244
9985
3118
8971
10654
9599
15274
9010
13907
13877
6869
8768
3360
11414
11210
5659
7489
1472
15573
1914
1893
1224
1803
1647
10110
15165
12767
3753
13133
15310
13379
8994
8911
113
1581
3181
9712
471
12191
7235
14348
2676
16003
1324
14090
10830
6984
5195
12302
6173
7110
14195
7398
8913
15842
1124
7694
12225
4877
4443
11151
1872
13437
3679
1985
15018
6860
11697
15489
2668
2549
13454
5344
2168
14778
3051
12998
5378
8246
8916
11552
15356
6727
2566
7885
6186
3690
15579
2027
8568
3639
13179
10440
692
474
12426
15711
7334
7739
14816
10002
10288
11886
15347
12457
10281
2014
9071
15659
10260
1604
10827
9233
8331
13393
734
14517
700
16314
161
9268
3569
13340
3324
4261
13814
15750
3588
4764
7106
2021
14767
1010
13907
13730
13467
7804
15744
6155
7080
9620
7759
1523
2469
16090
14917
3204
14224
15617
3134
14385
8501
6703
11341
11825
10964
8771
11192
14553
13535
1914
190
11918
2924
14097
9264
8
5518
8624
6163
12598
1861
13922
14121
4330
13628
12654
7534
11468
11887
10668
9469
4004
987
4426
15830
11952
13197
10638
10121
10349
12552
10311
5883
15476
8024
15148
15484
13542
7388
5263
9756
9249
2801
7494
13580
46
3764
4730
11514
15652
15399
4600
3272
2
9026
2718
11954
5840
13356
5691
16189
9524
16002
5688
8617
7643
4452
7717
4801
11841
12981
14558
4706
15782
5668
1902
15828
9432
6633
10959
8700
5648
15559
11973
5650
8201
14691
1221
14041
11664
6912
13846
4804
6531
3151
13421
14174
7603
4755
2591
3060
1352
765
7767
750
6433
9669
195
15866
16302
11154
8182
5566
10329
3771
11217
2146
2079
12438
16188
13743
2966
13650
2163
9497
417
15585
7287
8021
3956
9879
11081
5308
10644
2464
6058
694
12134
6253
176
12052
1023
8358
1235
11352
12130
12452
13499
14209
8506
13303
11568
11472
10569
13731
4586
10987
12932
11873
2624
504
5368
13705
5812
16013
16170
11871
323
11920
1740
499
7588
2764
8857
8823
14116
4603
4891
11231
2428
13397
8150
13996
8486
2336
11344
13072
13323
7892
8561
15947
8397
13930
13268
14209
13559
13054
9696
13882
8590
11437
14381
16179
14201
6854
8618
11933
11458
13510
6781
13886
10523
14931
11499
2625
883
6459
15697
14206
14351
7875
13769
6364
5421
10654
4190
2596
7324
13886
94
15915
8939
14475
15710
6756
4945
7944
2306
19
5070
9087
13906
15594
7634
9021
1835
8518
15480
1149
6340
13447
9024
3726
3428
14445
14380
7618
657
5320
5120
751
4851
14060
15226
4177
4432
3787
12122
6738
3807
808
15825
1329
18
7076
10350
1854
15594
9446
3003
5550
6509
12027
9276
9937
10088
7272
1171
10745
12593
6292
11496
1060
3968
10338
5238
8400
14125
976
15139
1548
1784
14580
2877
1803
5272
13227
3657
4482
6289
6660
10033
12799
2303
2925
6352
12391
10198
7524
6752
6407
13816
1864
7467
1400
12202
12705
9800
9943
13681
8555
11492
15466
6752
14369
885
12024
11213
4542
123
1118
11202
10156
13917
13505
13081
3886
9512
6895
11410
16264
13302
8842
1744
4386
10242
13946
707
3658
7505
14389
12214
2613
13471
2582
599
14356
14606
11812
2514
14729
12930
13716
8501
10464
10837
5199
14350
3965
12094
9376
3845
9013
1834
5589
13399
12076
3151
14106
15734
10656
12111
11564
13270
9198
14146
13869
7170
12369
9297
9684
10714
5843
7016
2832
16307
1469
8031
14273
5434
3741
7265
9279
12754
9099
14868
9769
4791
1635
7492
4142
12292
3219
15706
9178
12418
13469
6663
3204
9454
15960
12889
3784
5419
3521
6616
5343
4991
14647
3232
10425
2005
10498
3321
14759
3213
1805
8145
8005
3441
15637
12147
15733
2472
11469
8527
14890
8554
15190
1711
1624
14766
14600
5409
3801
1737
12025
9144
6728
10289
12377
770
12294
6491
4091
10669
9704
5896
2430
1325
9337
1683
13472
8686
4156
8558
829
2662
728
16019
4373
2353
14401
2589
7762
1819
4327
3403
10963
11055
13692
6956
11825
9602
13447
15916
3888
6768
5429
6318
8093
14766
8002
5182
7069
12158
13740
7898
14820
14468
7534
2810
437
5551
5399
8199
7370
9726
11603
1950
4398
8911
8906
16223
2130
5970
15756
6018
12738
4801
12336
4447
3183
3954
9629
10252
16112
6985
1767
14549
5070
9301
975
5507
14852
6374
13707
5839
16101
8926
7789
4115
1453
311
3954
3583
6281
3326
9601
2635
8127
5554
7083
11311
9508
328
5179
9237
7314
6946
7402
12384
16247
8377
1507
14716
14751
15214
4171
14468
7756
11960
2199
9210
12271
6154
12793
2169
9480
6011
4804
1224
11565
11887
12535
4689
12216
1330
13926
3146
8277
4944
15530
8140
13321
653
6472
11689
15868
10643
9773
7240
6219
11973
66
2107
1743
12860
4276
11223
2487
9080
12447
14052
4584
8598
2357
416
9929
16284
3562
1822
4844
2708
9962
1782
3361
51
13471
2845
10694
6860
10086
530
2449
10152
2637
4192
6628
6913
15416
9115
15993
11479
6783
4193
3694
9141
4609
13623
9041
8171
15445
13885
10879
9023
15667
14241
9074
12754
702
3385
3231
10788
3915
5680
4557
6552
9873
11185
13465
8905
3917
13074
4000
10700
884
7694
3457
5493
4933
12498
13665
3994
10000
8160
13018
9283
6017
5708
5654
6720
9093
8885
1124
13008
14565
5681
3176
8054
483
257
575
4400
13332
4576
15100
14216
12270
2174
3325
820
14672
606
4814
8288
8767
1448
1188
14784
7157
6842
5120
16250
15727
6245
12875
13908
11926
16051
5579
12409
16309
6154
425
13257
10730
15526
11089
6617
1316
14414
7437
15988
15021
12251
7893
7404
13700
9081
5804
4473
15923
10925
4339
15266
786
830
12790
12712
498
1985
8738
423
8140
9163
13680
2486
8305
8385
9103
9621
6415
156
9226
5052
12408
735
12456
9724
9816
1877
14197
9355
12802
2152
8237
13588
2983
4643
9916
3481
6629
2270
3904
14769
11434
1200
871
3355
9585
9975
12977
16000
10131
5819
4669
6155
6554
741
15879
16370
2618
13692
9341
15420
15845
1194
12624
2444
5837
6157
5925
12466
8427
9829
10851
3477
11029
11723
6833
4230
5314
3426
3846
15445
9245
8515
5217
15799
9257
4712
15785
11875
2021
8742
10912
1482
9936
7152
3926
15773
13309
9851
11856
5353
3296
6323
8830
14325
1662
15663
2171
6976
2705
6017
6038
11950
14533
11255
11365
7406
15967
10766
2897
1604
3124
13809
3086
13060
4578
7012
12450
1503
479
7922
6856
3775
14245
15687
1716
15908
14966
3887
6500
1288
9905
12538
13238
8054
7409
8220
15460
6993
2602
1973
8597
5727
15783
11684
2403
3977
2312
14853
5480
2792
6391
12337
6567
4253
11640
8284
3777
10222
12171
10277
11510
5692
6432
8365
13746
13841
201
12822
4450
2803
14796
13048
8530
14195
8348
10934
1788
10660
9403
7268
13452
15795
3221
3636
3664
14861
11920
7441
8700
7707
1334
3826
13400
7766
12191
10762
5224
12392
7201
9674
15196
5613
6338
7342
3424
14686
1892
5212
8963
11296
12480
6031
10707
15702
9667
14371
14179
5203
5428
6495
12911
6762
10322
9927
14529
6129
4305
3369
2138
11506
13043
950
735
2998
8292
4159
1300
10185
9371
10263
5097
5468
16295
15804
4786
9578
13791
2581
14782
2835
9077
11309
9597
3015
4852
7742
9144
9157
11111
11282
4280
7771
12232
5015
10769
4141
9175
12069
14326
2162
5949
3039
7630
5860
2459
12416
15438
16250
14998
13836
2701
7691
8761
12298
10706
13613
3657
3466
6387
14768
14749
10667
6155
10597
15682
540
14738
8473
12610
12680
10636
2175
15719
1882
8035
1794
14299
7089
1660
12913
4542
4361
4220
13303
276
14926
10533
3933
2008
536
2317
373
11203
8473
10971
10501
9013
9325
2591
5239
5622
13227
7414
4957
15109
15449
6752
13024
6155
8412
9553
10697
12774
13773
7616
13050
12315
1765
599
14324
2301
2916
14697
13504
11389
9284
7622
4019
2226
10213
9258
7848
7056
289
12805
5781
15738
3173
2422
5509
11586
11975
16206
7976
9365
7439
4642
5296
9204
5241
3236
11506
8157
1550
8626
3163
10834
16248
7182
13060
10077
56
4524
749
345
946
6531
16084
4119
8953
5209
15705
4544
5032
7297
13909
12471
11939
2822
5291
796
6058
413
8954
7608
9040
12117
2059
8904
2915
15119
2598
2971
3260
3347
3317
4206
9878
3017
8325
2447
8226
7647
6992
13258
14944
4517
9345
10500
7339
14637
11296
13398
15050
3866
4622
7706
15983
6681
227
2514
5417
2825
5486
8677
6172
8803
12883
16051
11820
4824
2114
3662
12471
9106
537
11032
13624
9882
5148
4579
8135
60
1593
6802
3927
6216
14508
3526
12897
14735
6041
1930
1176
11527
10607
7349
3946
7106
7016
15766
11931
9130
3044
8018
1853
3581
2666
15477
13464
7814
3672
5215
7875
5266
12017
11802
11482
10142
15328
7995
8493
4985
9926
9670
128
4149
635
4074
11256
7651
3456
6803
397
6501
14821
2250
10082
1104
1343
7162
8918
5016
12378
409
10282
8011
12211
5380
1769
11156
13375
10263
16141
6917
3549
16270
11067
4184
3960
5939
11835
7417
12742
12232
13918
11179
14483
7616
12283
15826
14779
4818
4458
10773
5227
14740
2400
1055
3736
4170
12211
728
14433
11968
7645
1598
11854
2328
5782
15815
8267
1233
6848
4625
13465
4382
15805
11564
11998
11704
11007
10393
138
15465
4782
5366
13822
7183
6421
1174
11353
2248
1902
9402
14216
9548
11000
9687
11876
398
9118
3760
1631
15966
8385
15096
3964
7806
10277
15962
3127
4900
9972
3265
3981
14754
8631
1419
5553
15052
2594
522
916
4496
9924
15133
14044
4540
8436
9537
4938
1170
13297
6569
752
5298
5282
4716
13105
15559
4294
16232
4075
14266
3113
8056
12637
11745
9476
1806
10413
12070
2329
11330
182
12253
10079
14227
410
2131
7380
5348
3301
4293
11918
4053
9591
816
8769
6312
16375
13063
6160
4066
10946
9274
12122
7199
4635
5214
9005
15048
900
11334
9994
1083
7204
3689
15310
7614
5820
6306
12962
9121
10599
8496
13174
3806
9312
5559
10119
9303
2239
16279
13369
13185
9169
9108
4000
13804
14322
13005
12469
15223
7956
6079
16306
15160
9769
15232
6390
15589
5154
2968
8327
15753
11465
5117
3175
4393
10677
13294
13697
12916
13190
10682
9717
5975
3406
13717
3396
1345
10338
15865
184
1910
5560
106
686
15329
15338
7076
14535
4108
10045
6478
3477
5126
11595
6652
9519
5888
3563
6832
2420
369
1131
12137
6344
4537
9470
9740
5882
3425
9221
6066
5335
14782
6172
6022
13727
5126
13098
11878
9234
6759
1972
12711
11885
13568
2980
5021
3072
6543
11853
5493
6912
12984
1246
13256
1138
10717
6613
7020
14142
15834
13087
3093
14232
2875
9115
11576
8002
5830
7070
852
12589
9043
13564
8091
6227
160
13112
9299
6703
8581
14792
13615
5182
16039
10487
6320
10372
716
13340
8130
167
10043
11223
14399
12919
3955
9591
4537
9785
278
5389
5990
9321
2569
14081
15548
2729
10809
8463
9432
3007
6872
6663
8189
6527
767
14509
515
1483
11465
8645
1650
5125
3484
16050
1660
7439
9257
6197
840
9535
11586
6831
2472
14156
4528
1636
501
15338
10100
9934
1961
588
213
10150
7115
980
8275
7630
2464
3356
16275
4114
8481
3375
3780
10141
10815
13038
16338
11655
6189
11541
2102
8662
9313
6631
10298
9814
5585
4014
3364
7546
4602
3578
1312
11717
4558
9587
2963
7022
12943
2854
11137
5041
6230
14917
15182
661
11571
15137
12316
1377
10294
14419
10039
3223
4666
3953
13037
10251
7968
18
1413
12570
3596
2725
7904
8154
12312
10867
15177
8871
13722
9930
13912
3568
8463
12711
4229
3651
11464
161
5028
5374
14580
15067
8597
2862
2636
5250
13113
10604
5268
14526
6791
8864
867
14695
635
13179
9178
15812
5667
6516
9358
3195
10084
1437
15906
14313
5088
10986
14475
10116
16360
12671
8799
8573
15534
11436
13824
12263
5656
2708
10406
12447
11573
11273
10758
12208
8069
3553
11636
13736
10069
4610
547
3770
6047
70
1699
11136
11056
16174
4868
11033
12462
13668
3222
11612
8720
662
7491
14376
3371
1513
10440
14944
12787
4814
10768
4472
8367
6020
1824
2053
10630
2371
5823
293
2441
7522
11429
13498
7313
16298
8147
3391
13582
11369
15003
5918
12032
6110
3910
15403
7624
14350
13963
4027
2781
8347
8499
11148
14367
10323
13201
8613
12694
2640
8906
15136
10163
3952
12250
1092
3866
4013
4483
1064
15382
3102
6982
11030
9212
10892
10049
452
8859
7628
4479
11640
15975
12978
6404
13958
6917
3222
6187
3228
5862
15094
1980
16025
2662
14230
733
6528
1859
5216
7592
857
8318
14574
11888
1147
9082
5553
1599
1557
13182
6079
13197
12773
2673
3218
10348
9591
6440
151
12819
12302
15245
14799
11944
1523
12645
12677
8051
14504
1510
15643
15361
9828
13833
10865
10975
6532
35
12575
8089
13217
2270
4903
9606
4943
8121
3570
14534
14561
3722
10969
10479
2583
9384
6039
4107
5645
2333
12158
3765
3843
11418
2743
13671
8867
13608
8263
15399
13643
4454
7105
10476
6724
12008
3699
11667
3745
7269
9818
1922
10991
4403
12401
13575
13788
2057
1298
3049
4390
13456
6815
8233
8490
9558
5520
974
6782
13783
16373
4042
1853
7094
14518
8577
2718
1833
3861
6463
9103
13679
8385
3710
1698
4403
901
15486
6460
2199
2152
10850
15656
8967
2699
7762
2141
8219
8736
8923
5619
8726
12965
7472
15820
11100
16050
2155
12933
3527
8618
5652
822
620
9363
2520
5023
10264
1623
11483
12464
3775
5949
11736
12742
8648
3114
14883
483
11851
7422
6102
4193
4004
13575
3629
15104
13241
5784
11653
384
14403
922
1206
15023
10285
3726
3662
4165
5349
15145
245
9124
4710
11981
5482
13358
15096
3981
13841
10563
11404
3560
14756
15408
751
2001
14128
13992
7786
9397
14376
5805
10319
15582
4444
4220
2924
8106
8386
8274
6867
8631
1014
11577
4229
6497
8551
2941
10478
6008
13504
5498
9568
11876
4522
10319
13877
2266
7927
5279
11664
5919
11084
5599
5117
15528
9820
8042
7250
1822
16316
14117
10453
946
9310
14682
7443
1477
1239
1538
7486
14743
7036
670
10235
11559
10990
7729
13825
2533
13008
9105
8453
7709
14705
13570
6853
8141
5228
14104
9963
5160
11837
4032
6107
4764
2331
13550
6241
3570
15088
13727
1930
5741
14398
12165
916
9004
3510
14741
11537
135
7463
3606
7844
5784
793
14697
13925
6021
12417
7504
11182
7871
11536
905
12635
13867
14455
2492
1054
13160
16220
2984
2517
14234
15149
3433
6854
2276
1790
2007
2411
9253
5614
10255
15037
6407
8568
12578
12428
4602
3698
7226
12473
15235
8131
8724
12718
6203
11216
13772
2979
11052
372
5496
8902
15522
8929
15756
1414
10719
1380
3825
3589
6994
14080
2242
13401
6264
14821
9445
10866
2135
288
6955
986
8419
15679
13705
14622
10512
11093
1217
5180
11466
6713
14083
10604
15642
13455
12018
9978
14835
15843
13567
5445
13539
15809
2462
3419
14246
11908
14286
16382
12196
4857
984
4231
4153
14689
2470
14665
9399
3687
3461
4481
10401
1160
15085
9659
14616
10719
3253
13067
10178
436
2129
7333
16246
4591
10752
14108
115
8654
14106
12311
13512
15091
159
1281
13396
2629
15946
6411
6316
3023
10892
333
4184
9593
9993
2416
3928
13246
15483
14106
13683
1228
5055
13545
5820
15808
11269
5935
8078
8992
1863
5206
7699
2022
6487
4711
4651
6049
11123
10967
9073
5631
11301
13257
15225
4910
15673
2769
1772
14772
492
15455
16001
5547
12616
5437
4971
7502
11372
13050
110
13235
1872
7809
15257
8360
12520
3524
14409
7259
14492
7098
12891
9409
3971
11732
14319
3260
14501
16091
1649
14993
15163
1266
4157
11395
6703
9128
2513
1691
5794
2623
14927
7667
10432
13800
16027
6569
941
14052
13828
15433
4767
10335
8458
8738
5683
6393
11999
3801
6100
13648
2410
4879
14914
6567
16275
5233
15696
2404
6924
5106
5028
5467
12773
15460
2884
12416
5645
3825
10085
3090
2874
14852
13425
11332
7206
2725
1341
2821
6526
7441
85
8936
12321
14999
15504
12212
3848
14816
14616
10773
3538
3260
16240
16312
2337
2740
12344
7982
6565
6045
11072
9439
4513
8114
4387
11720
10839
5728
14541
981
13170
14627
9917
9107
13242
9037
4935
707
7469
3167
11480
11008
6428
11336
10936
8765
14077
6896
363
4258
12942
11436
13698
1071
3166
1701
12791
14005
7430
10949
14986
4216
9192
8519
13323
6050
1173
1874
6757
8642
5041
1853
3266
11469
13190
14202
3850
10883
4715
4214
15141
1273
15650
12455
2344
2432
14157
15136
53
5203
9701
15039
9419
2509
7174
6358
8559
8347
8232
15317
606
13273
786
3872
8359
13976
1691
12209
8475
6406
39
7233
7679
15689
3304
10023
1737
1077
8775
1790
6280
2092
445
15699
4601
7620
5673
13161
15967
13905
12094
189
10795
12880
4062
2770
10473
5753
14979
2564
12159
15019
9797
3454
14324
13102
13477
16062
14179
5869
1468
4076
7961
1914
3391
12563
9534
9065
9340
9117
6586
5050
9307
997
1546
13369
3767
12019
2738
2363
14584
14897
998
7997
1967
15322
4715
15444
15000
2511
4929
85
6587
12891
1999
9978
9070
11533
2659
2026
4266
9246
7076
13573
10243
8622
10558
14011
4258
13296
16374
2458
11809
988
10455
13776
16310
15171
12837
14927
1298
1382
15012
7885
14273
627
1479
6959
12160
4139
8985
42
13385
16061
13616
7244
8300
7790
4871
12558
4703
4861
15016
128
5849
9087
13905
5776
7874
10358
4319
9172
11740
2947
673
9630
3574
2153
205
15734
6292
9191
15776
3293
8868
13008
10537
784
4415
15409
13342
9118
3886
11974
9246
9736
4678
6767
15512
12552
741
3447
5341
12482
6394
6014
5728
9968
8167
5933
9318
14459
15124
8710
1368
7609
5335
11906
8393
9750
10931
5352
2484
14817
942
11730
8169
5620
2114
7297
1789
2855
10744
7130
15337
754
13144
4681
10722
4928
10615
3656
3003
9355
12367
4372
580
1318
16278
8974
11068
10825
14326
13552
9258
15268
8898
1044
4505
11012
8341
6294
13868
2702
13424
12821
3456
10184
1119
14179
15112
11734
1451
1732
4705
13818
6104
5286
15136
5998
14260
9820
439
12202
6988
9697
11086
15887
10741
15591
10515
2699
5501
7999
5401
2541
4437
8857
12726
5556
6652
11454
906
8104
13186
5611
5538
2906
10897
4291
8904
8773
14111
9343
4591
4716
2657
15678
4219
13398
14885
14734
16097
4003
6350
5114
6544
10787
13972
2886
16343
4240
14341
865
12344
11143
6476
1499
14050
990
5790
6570
9763
3517
15914
14355
8233
2187
13649
12452
15585
12150
10803
15299
16153
769
4029
6314
11556
1617
9200
11515
5858
7157
12380
1818
1917
2472
3317
15967
3462
9107
6153
13226
12625
5683
11197
4474
7870
8462
543
7072
4228
11346
5987
3998
12115
10016
10312
7287
11634
3128
2418
1108
10286
14798
2926
12203
886
6244
11786
4349
15351
1555
1191
11592
7239
12388
16067
15109
4466
226
5797
8694
11572
11784
12692
7303
5417
6620
14590
667
9749
624
1775
3651
15422
4701
15854
16308
10945
11256
4273
9913
12811
5464
5121
3666
1468
4804
2392
5934
5030
8189
14629
218
3590
10937
7521
9007
1174
5727
9674
10923
6351
11449
14574
5389
16150
14044
5314
10712
8916
9587
4241
5343
15052
9362
9010
136
14167
11402
6071
2813
3207
4316
3032
6797
15253
10553
15804
43
16281
9094
10966
6248
4159
9156
11638
3926
6816
568
14638
15732
10155
2495
4692
8823
11857
13702
8960
9640
8720
15031
12454
11927
2963
15486
2341
1832
9655
1761
1876
9552
10856
12842
15801
15015
5615
11055
2557
12431
11623
811
11780
5394
3306
88
14218
15164
13790
6794
8420
6126
5441
4490
1669
8404
3592
4010
10236
13248
5772
12112
6416
244
8571
5833
15259
14186
504
1433
10233
12127
2244
5629
1138
5551
5717
15356
4331
3123
5766
12751
9249
11207
858
10919
3227
4450
14929
13463
1314
4317
9192
7731
4561
1379
13564
3437
15565
14069
4870
9414
9812
7114
15044
10950
12665
4377
9922
612
7501
15688
13364
366
10511
14222
11285
13738
2288
9831
10818
3603
14148
3626
11334
2326
5005
8514
5763
4186
6199
10633
13600
16012
1363
12260
10578
14029
254
4117
14641
7755
3421
11621
8121
13933
9459
3023
11287
11748
12854
5721
15351
10618
9347
10301
12944
14352
2431
2323
2154
8631
12956
15755
8259
14320
11631
2453
11965
11885
6570
10222
3256
9992
5460
11378
7541
14919
14401
2444
10283
10871
8166
9250
5105
1129
3167
1666
15482
5599
3989
1252
14230
562
623
6105
14882
12255
8558
10463
7756
15129
4301
11013
8737
9761
6007
16278
8297
4024
2338
2196
14895
10504
11447
3616
11634
14614
5282
10732
3829
9272
11984
1675
9834
12608
7780
8332
8479
16339
2411
16235
15084
6712
10864
7437
90
487
7331
8387
4511
9669
10583
3022
3790
5646
6639
15424
3877
11921
9772
7706
4809
5372
9382
14643
1596
778
6591
10075
733
9002
9927
15817
15715
4407
6870
15805
4895
14201
7808
9406
7487
2007
12429
11277
7654
2684
10317
11531
14605
3705
2853
3031
9077
12235
1290
10674
13014
7882
4365
13747
500
14292
13181
16215
2316
3667
15636
7211
1485
7060
233
8972
9068
12662
3865
338
15346
14182
11869
13568
1503
14722
215
10580
10574
1505
4870
7204
9387
9236
4567
9888
7144
1364
9719
9460
5032
8972
287
6517
16032
521
15489
8716
13183
2970
9054
12146
768
4539
9330
2271
2878
9545
12851
13452
11050
1338
4272
4054
10574
8839
13942
1334
10204
7277
10795
15236
16249
11082
5369
15898
11603
4474
8230
8403
7444
901
4165
8212
5440
13495
10483
8318
6656
6950
5386
1322
8288
9658
5376
2478
2114
2934
3813
12318
10212
14608
11170
10077
9306
155
9591
4526
4629
1438
12929
12073
2339
710
3901
7779
14205
14384
16098
4477
4950
5100
5799
13239
14759
11176
15717
489
14110
3146
12807
7938
1370
7593
1632
10677
7748
11223
15203
12377
12661
11748
8066
15000
12458
11967
6396
10279
9967
6110
14756
14917
11210
4171
11772
9585
15347
11106
10074
13074
14252
6497
4628
15623
14090
6260
9916
5454
1100
8735
1447
13761
4099
9513
12378
173
5096
2390
10452
15063
8500
8824
13597
3326
12995
8985
12912
11959
3707
6602
8649
1576
13100
13277
815
10806
3154
10731
16261
4254
3082
1324
1631
7181
10838
14009
7354
15934
15
1422
14614
8515
10246
11827
11842
6857
4428
8370
2432
8136
14972
11081
9712
11688
7975
10527
6111
11129
4874
5988
15383
7956
7312
630
15137
1766
14640
6107
1317
14655
7529
15931
6787
1391
11374
2245
8248
15802
10615
10681
7554
9203
5378
882
4508
13353
11409
10619
8098
16283
223
7097
7855
7535
7728
6608
9302
5984
12715
10619
4255
3860
10166
11042
5251
5156
13287
13500
4574
7518
7797
12129
338
13175
13011
4846
10145
8037
15465
1859
7936
15688
8957
15792
6839
301
6016
16141
6285
2348
10376
10540
6208
4158
5199
11460
9314
2102
8576
13889
9621
16373
9634
9959
13164
6261
14805
6925
14298
13886
8785
5851
13190
1358
5259
3645
1659
11275
3403
7944
13623
13779
2100
3448
1554
7299
14908
10868
9402
7100
8373
2639
7089
1623
12598
3869
7885
11019
10795
5799
8521
3196
11650
5327
4554
525
8972
6213
11801
12375
14157
9040
9771
16257
12488
11325
7173
11012
5809
191
1728
14183
2830
8817
15806
15428
12687
7307
10063
7098
13107
2200
10294
8373
7527
14848
8899
115
4677
4316
12491
2450
13356
5878
2323
9461
819
9496
4089
6628
9687
5818
4427
12517
14635
3850
11561
10938
11157
5240
1652
7880
7440
11946
16254
14967
10410
8769
15083
15087
13085
11190
1153
10057
684
3477
3134
1503
12973
7224
8131
6277
13042
12559
2410
11293
25
13972
5848
11182
2828
7500
2679
10269
3063
2549
8852
13473
11318
7551
12177
8019
2357
13330
1692
3041
423
4827
4544
13397
12051
12676
3290
8709
8851
5700
3618
8876
3288
9466
3674
6117
583
6353
2
3646
8902
8854
735
3836
22
12912
11855
2379
9859
13548
5421
10282
1991
9965
7295
14042
6257
10585
6367
15108
16286
9985
7600
3190
3068
11275
9307
3651
1244
9309
7297
10147
1780
8032
13983
1802
4561
9455
4181
14420
6619
9602
8318
8610
3184
15614
6268
9441
9815
12635
8166
9717
6236
15766
12908
9304
10657
5831
12955
11902
15141
3868
5665
537
11901
3264
2339
78
12719
6520
14498
2954
16123
6432
11564
2923
5662
1448
12364
15478
14083
4146
8811
3936
3529
5335
13240
14186
11167
9812
9704
9924
13680
15369
10461
9197
2250
12800
9275
14969
2936
7389
1540
2675
13822
13104
5598
3100
14553
1579
2194
12252
5725
11006
16188
9254
16341
13045
7057
11124
6473
377
4664
3769
15747
15125
12967
1613
11541
5858
198
14478
13248
1738
769
10686
14843
6368
13786
13012
7947
15981
8880
13672
10603
8685
6543
10560
5346
13600
5301
11819
13977
9965
15588
13340
8707
12171
14953
3864
1646
15152
1958
14894
506
2728
9196
15349
9096
6598
11977
659
6195
4474
14331
414
13159
4490
10975
2121
1706
16276
13940
15684
9857
13144
12640
2180
8932
11210
6045
10578
9978
8003
9088
10484
10731
1900
9450
3443
8498
5043
4102
14694
9517
2050
15108
6292
6540
9699
8413
8247
9591
5969
7547
3065
2730
3803
5245
11662
15013
11290
5856
8607
2910
14944
2708
13641
460
12158
701
8958
817
4803
7268
10335
6853
5993
243
13394
15692
8657
5257
8900
14626
12804
11965
972
223
826
12634
15237
12117
2106
7460
15027
666
10168
12284
1126
5942
12985
10085
6760
1405
969
711
8258
6962
954
5268
6271
9611
10525
15171
7854
6945
10752
8826
7169
11578
5077
6022
7311
7183
13482
5954
7850
7267
1855
8976
13209
14840
2677
3585
16245
3647
4296
8120
10609
5251
13388
496
14862
7530
15667
6332
14475
10035
15159
5260
5230
3852
11282
12541
11035
8381
2112
2501
15648
3967
11478
12473
2423
14155
16059
2285
1418
3971
10405
12028
9222
7409
12524
7701
14939
11808
14033
13031
5459
12808
1907
10689
276
13190
6847
11312
5187
8959
13813
4451
12926
8907
540
15349
6679
215
1250
8097
4187
11655
3741
13409
2681
16266
4726
1236
11690
2376
14267
765
15184
16175
11455
15461
12981
1918
10389
1784
10877
7818
6235
7419
342
6775
6384
7021
6991
7635
15118
11178
2906
2476
8203
5587
2358
12930
6824
14048
15306
4707
14813
14106
4498
9884
13183
1095
11802
7188
2879
6295
15007
9114
13714
15349
15890
3715
5986
6497
11350
4720
1291
14256
7196
9494
3460
9554
6040
10284
7218
4962
14991
5648
2685
3106
15532
15868
4201
10951
6673
7081
862
5296
16195
14577
4261
15701
1908
10247
5814
13258
14967
7105
11130
5780
216
14590
15334
6256
8490
6169
11219
7098
11817
13904
10204
10965
13388
14405
5532
3677
5102
6395
8973
4914
4588
13234
4231
6496
7097
10046
3370
5681
767
14500
11461
983
12707
10411
7240
4813
196
2075
11911
12013
15979
5731
6595
12983
3753
12127
277
8855
2138
9250
13769
6726
6101
1617
13222
13198
11663
208
2495
12430
14709
13956
13414
11032
7984
4270
15845
8180
6345
11373
3810
5940
720
10405
2539
4473
6148
2816
13329
8287
12067
10714
15013
1784
12331
11852
14982
7610
12060
1094
3657
10385
15050
687
5033
6650
4957
4495
14831
11302
15868
2257
858
204
12662
3397
4678
2426
6214
1623
10713
1897
12337
9343
3681
8285
4811
2279
15895
487
3373
3168
10873
2040
3855
15906
8690
8812
4017
7137
3730
3501
9394
4588
3706
5672
7986
8384
8099
14200
10007
2428
16097
5960
11771
3394
14245
198
5673
13757
686
9047
541
11559
11087
4397
11081
3393
13209
15099
10531
556
2216
3541
5144
5922
9214
13130
14306
929
10946
7929
3357
10659
13890
15129
14053
11751
15327
3343
9124
16013
12390
9666
11188
7093
14063
5886
10486
10888
4601
4633
11444
6817
8175
205
12740
1005
13335
10662
1934
7898
2208
5291
2173
16098
4036
16227
11465
2980
3186
4206
2609
15576
13872
13798
6285
11551
3300
387
6055
7901
5021
1116
14718
13196
1321
11074
14201
14656
5353
16135
6170
7561
5042
8344
7275
9079
8187
2356
12059
11373
6562
14668
10565
4050
12082
466
15601
15382
853
5273
6899
5874
6389
5234
2686
7710
16308
503
5982
5277
254
12153
12838
5297
4113
3729
14376
12300
6086
10051
7289
12648
8335
1470
315
4034
1936
15916
3032
2789
4805
9932
8664
11194
15166
11350
2520
15090
11854
8503
3984
12108
4272
438
1021
8385
4168
15397
4301
10254
9064
11590
6518
1016
13060
6833
5050
14996
6366
8082
1401
11171
1630
10065
5982
412
5032
8502
15503
502
621
3103
12610
4893
3541
13632
13278
7709
12645
1195
1579
5326
12785
8098
6342
9461
14931
11392
8073
4913
3090
9475
16085
4721
3156
5683
5133
8188
14185
4252
8690
14807
7355
4917
3316
10897
2165
211
2222
14810
1406
3802
3752
14192
11900
10094
7269
10447
5102
15343
15361
8193
8434
15062
12914
11590
4361
1663
3395
2162
5916
12085
585
13271
618
3902
7784
2783
4113
10007
1210
5519
13809
4962
3327
9325
15057
10597
3388
3775
9556
2365
11968
1606
1043
8498
13196
5404
10162
207
7567
16078
12293
8152
12965
12911
12054
4366
15695
16167
14373
521
5303
11798
5483
8630
4739
4156
2843
8127
7932
12399
10493
3516
14005
11536
12015
10818
557
5793
11025
8124
5487
6934
16276
2068
3462
11947
6434
2773
11730
4423
3294
649
16221
8777
9280
4576
12934
12123
12704
4482
8139
6813
7998
5760
1965
3629
194
2522
9422
11220
10646
14909
1770
10539
594
5232
6102
7028
8005
1448
11452
11299
2098
11289
3693
11378
15866
243
7117
12186
4725
15256
2615
12723
4633
4580
16353
4827
7103
9391
16047
1365
7917
1434
11904
8511
6666
1622
15539
14672
3071
10607
9587
5169
5513
13280
163
4995
13523
7280
797
1864
6153
3412
14588
10786
7992
14557
15613
15095
7564
15277
77
15481
327
11981
7608
6993
13604
6764
5281
291
987
14869
5460
6500
11765
5623
11495
8905
12903
12292
10769
2672
15704
8973
13458
7313
7146
12688
6024
14711
11581
6101
13808
11908
1699
5033
2517
15303
11797
7799
15594
12784
6284
4670
2901
1665
10293
14396
10570
6812
10305
4956
9485
9625
13929
6559
554
4692
2863
6579
3019
14444
12680
443
9968
14379
5476
12486
13298
889
3901
12508
13674
10185
794
191
11850
11087
14587
6037
1516
8508
10993
11001
1750
8538
1176
2304
13230
4040
8883
16249
2100
5180
309
12069
3175
5785
8171
90
6675
12072
12598
3965
5873
13393
4156
1339
8096
2359
7376
9612
10868
1985
4229
12618
10524
5406
14922
7370
9446
7422
7236
11546
12602
7545
7231
15777
13330
15402
15867
3621
11090
12082
7586
579
9091
11742
1919
803
14102
9295
10416
8586
11281
14645
4820
5421
3667
3358
12791
13113
10780
3643
8276
6998
11188
15507
6392
8135
14526
5875
11756
9232
1573
2959
9812
10664
14701
11731
11468
12419
4642
5500
4621
15923
3761
9441
4960
7429
12800
1368
4158
7196
5011
12434
14195
16200
11558
4203
7951
9700
10078
3323
2548
11652
6282
12360
5932
4600
7707
1016
635
12350
6516
5257
11889
10278
14698
466
1323
11114
1834
5481
1927
6845
1532
16122
6661
13090
3941
14612
6406
14019
1552
8954
9287
7834
4931
15220
12434
12638
16236
13070
8604
6369
1943
4110
263
257
4576
1586
11372
6410
7067
13299
13255
8599
13037
3533
5305
594
1761
11711
14613
3313
4282
7517
11148
9213
6353
7198
5467
6205
3884
14072
12574
5827
1798
12837
6085
6374
14423
1073
12784
5107
14372
9655
13706
11025
13188
2628
11619
14950
14339
9848
1879
2237
981
13027
11450
7334
3842
534
13540
7726
14606
9730
13554
20
6184
3255
6394
4223
4328
2794
9330
2316
12449
6653
13341
9254
9281
8576
7820
7236
2040
9699
9474
3022
6343
4540
10356
10185
5074
7512
1527
3296
859
15081
3316
7043
1952
9710
11266
6280
12504
4213
8596
8570
10866
5553
1440
3763
14129
9260
10999
16170
2575
4089
2808
8918
8630
13164
2719
13704
4293
4247
617
5152
2944
3933
12195
4897
13644
7077
11177
9764
11290
3390
1950
5772
8943
3390
9535
6689
12650
4151
6475
15226
8240
9283
7760
486
6063
10480
14191
10356
14727
14808
15508
1287
2357
11319
6184
16001
2013
978
9382
13303
4368
11332
2692
13311
14723
12227
3616
10989
16378
10091
9831
8235
2990
1208
8721
9054
11688
6528
3026
10031
4952
2151
11318
7310
13470
1119
6927
15483
2097
16309
12403
6465
11258
15095
3392
9597
10938
7009
4202
10933
716
14034
2784
3707
15242
11505
12761
10546
1650
15787
4193
6602
1554
15511
13912
15025
246
4456
14124
2343
4381
10143
8808
15639
8854
12201
8852
3409
2826
13055
14342
3542
10705
742
7249
9563
12247
3626
3725
13897
3030
7918
4116
4584
7045
1644
3225
7292
6100
966
9635
10482
11109
2060
9737
3580
14261
2206
6989
703
15261
4947
4245
9582
5689
11495
2761
1552
15121
6486
15450
1767
14404
3182
6352
5065
4826
9577
12357
10927
10543
5609
5025
5269
7669
14762
8849
5546
584
15838
6249
15845
4401
10494
9043
10090
5605
11804
11642
4343
1906
10708
6110
16310
13890
12462
4992
2333
5656
965
13260
16199
6574
1901
5084
14243
279
13933
3405
864
13387
9654
325
1404
3765
9369
11494
9370
4789
6753
13713
6696
1077
3440
6622
14968
15902
11614
917
5174
12580
14177
4990
2770
16078
10074
630
16357
7624
4035
837
4627
13690
1163
6032
1071
10532
1142
10441
15321
7895
7771
5633
8973
11211
12256
7557
10729
7486
8474
15904
3682
6267
4510
6453
5961
14584
7083
5934
5824
11118
6772
10452
8424
7935
100
9495
2083
1242
3553
1020
9138
11324
6654
1727
6151
2526
9284
496
10012
1374
16
13695
7641
4526
3764
13602
2727
10847
3152
8551
5581
9924
2619
14006
1475
2719
7117
3558
3962
10670
4579
13100
5610
11233
14827
11761
13759
7727
12258
7387
9101
12274
4698
358
417
8462
13960
3144
2925
728
11695
8507
10653
14315
6129
12128
650
13246
15687
4612
7533
3882
1328
13143
15115
16155
8521
12490
7498
4395
3493
215
285
8192
573
702
270
14533
3846
3196
15262
15542
11703
9531
13473
1448
5275
14123
14694
4578
2352
5843
8460
3680
2603
7191
3452
11124
3297
10950
15519
6791
11166
15804
14983
11739
123
15253
9889
3969
2065
8767
3127
13768
1914
216
15216
7189
14340
13527
11768
308
2986
3844
3988
5589
11036
7440
329
14333
2007
15848
4740
13173
15269
3339
8528
15392
2209
2033
2977
4274
10800
6105
1659
12714
6321
491
3520
4277
14018
15288
4585
621
2748
8574
6210
13784
16014
6540
11734
1637
6004
90
14810
4889
3430
6955
3897
5639
8988
6875
9913
3405
12980
11572
16119
2917
12064
3255
7195
9698
2159
11780
10319
4908
3970
146
2308
3601
6686
14042
5238
12690
14133
3665
1196
1179
10620
5093
6818
3224
11968
347
6629
8564
11920
6365
11482
7600
9620
2293
914
11780
14073
11234
304
1660
11380
2612
5261
1682
271
10499
14372
14404
14164
15568
15583
8400
4278
6017
11625
16246
6364
1870
8427
1900
8235
3525
9500
1472
5818
10415
13252
3507
5265
13556
5167
261
16168
10428
1943
55
4544
16315
14459
2324
15500
13658
10725
3394
3291
5966
3256
9656
7836
11683
11556
16072
15208
4673
1160
4642
15088
14412
8150
3969
11584
13317
4230
11368
7362
6173
11424
11906
6104
9499
14230
5220
6774
8571
8614
10065
14537
11871
3337
5990
7170
14894
5678
5995
3183
6838
10637
1887
4866
2403
5856
66
15721
10086
11434
6699
16259
6474
2221
5979
15974
67
11200
6364
8639
3430
45
6792
15301
3383
12782
6088
1893
2076
12083
5076
8914
6336
6963
13780
8740
12819
13846
8077
6521
8897
14776
6396
15371
613
12375
14961
680
7191
4941
9319
10622
4987
16112
9539
8370
12510
15627
10263
14587
11326
15339
7117
1279
5918
4514
10019
2353
1976
1712
8874
10873
104
15270
9861
717
11261
8438
1397
2069
13380
10717
12691
1983
10445
5846
10353
6571
5090
4232
4774
32
3187
11892
1311
9105
22
11330
11458
1998
13042
3948
12872
13146
2834
6349
13863
14095
14787
15261
16164
11783
9594
12471
13766
3655
1934
7735
10226
7024
11967
15001
7056
15154
10509
8368
7875
10531
3314
2949
12529
16357
6897
9017
13119
9731
15366
10599
7443
13770
9476
7223
9169
2686
3311
6552
6341
5245
14287
183
12269
9871
15184
2941
8641
9309
11309
133
3456
14624
3082
15986
14597
9980
8619
11332
3327
7602
5547
10770
4988
15023
1610
14157
1325
4921
4325
7666
10166
2229
7850
6051
12100
6650
8992
4357
15960
3918
4490
3032
2158
7573
2634
371
1169
11254
11703
4496
2472
867
15267
7460
15890
493
5233
832
5414
9559
8498
15580
11788
16348
5247
7504
6615
14239
11861
6191
1773
16352
9223
3931
7541
11858
4302
8710
6728
16006
13206
9200
489
12089
276
16379
12582
5509
827
1612
15068
9326
808
10472
9290
6055
1592
15905
3911
13454
5712
5684
13422
14936
9616
4579
10410
13918
13289
754
13540
10111
9954
14029
5817
10230
14025
2015
15739
14852
3628
14424
7794
4436
8512
701
10492
10105
222
14403
7175
5935
3703
4213
4487
13319
8792
14897
10854
5697
15651
8010
15808
9221
5656
5241
3067
3297
7257
2422
1765
10885
462
9560
15321
8975
10261
9429
2696
10483
7448
9871
34
11152
14084
4521
8087
6492
3034
2557
12189
2301
10568
11613
11522
16224
471
14589
3137
7728
628
4902
2229
1090
14462
1166
10065
8339
10596
12761
2439
1660
6248
2473
12812
3948
6995
4516
10440
10029
7073
6245
12331
1257
1475
7469
1097
1946
5675
4234
9674
6303
9137
11903
7393
7215
13069
1075
15555
7281
13836
1610
8942
3701
4083
5370
7649
11078
9886
1706
4724
576
7951
671
1833
9426
8140
2931
11372
13815
7165
4662
3734
16302
181
11128
7134
13251
12203
6305
4148
9655
7915
13090
13356
11998
2077
4622
6693
11963
6328
11417
12539
14279
12088
14373
7322
3844
920
2310
1276
8085
6973
5010
8004
7154
16138
15138
4021
11957
5059
8170
5229
12974
4876
2201
8588
6953
6823
15281
2533
13151
10314
15072
11047
6018
13061
1985
9863
13981
4295
11139
5683
11268
16149
13687
2039
15904
12441
6060
11477
1116
14230
322
14090
2723
2524
6294
9676
9347
5192
12209
6115
15506
10898
778
5141
7575
2763
15004
5173
7058
9759
10856
1943
9524
8159
3982
9044
4216
10042
4138
5332
7889
4460
3038
10612
6984
9332
3904
16332
14524
16114
6063
13647
10628
6841
2404
1819
9604
1024
6992
278
10783
1464
2221
3923
9623
6203
12968
13839
16246
722
2787
7751
5182
5825
1979
12167
15158
5883
12115
13298
5613
1794
10561
16241
8635
12965
1677
1855
13989
8669
2133
8388
10134
4355
12312
3373
10558
8896
829
10420
9618
3616
1787
14800
9442
3766
10583
8216
9650
6314
5130
15263
8108
15692
15121
359
12273
414
2214
9879
9083
4348
1883
2833
8703
14195
6207
2877
6707
7036
13298
16325
10652
15085
14742
3710
2468
8941
11926
12118
15256
673
10997
6980
16365
9734
7340
12254
10148
9554
5749
2848
13902
7633
5681
6221
5444
11888
9099
12152
2540
6013
12093
13193
4714
10451
519
7182
3009
12446
2916
1881
13119
13914
8861
13100
7264
16201
8970
1029
9372
14720
3877
6890
5969
9558
13112
11413
5063
5827
7181
7603
11840
2891
4412
170
13342
4932
7353
16351
994
10269
1848
14113
7799
10710
10829
15064
10527
3415
16093
3515
1751
3586
10406
7720
13144
7134
2750
1823
12961
9931
9427
8417
12822
13839
8587
9781
2387
15940
9748
3381
9826
11597
1110
1241
5923
11939
16305
66
15355
16014
3582
722
3216
13988
8443
16361
4738
11193
1800
1315
4740
11227
9732
1179
8683
1935
10960
11070
1492
4324
14452
11318
15921
15562
12559
5460
11118
12481
5527
10089
12111
9109
10811
15328
6713
2870
15305
11451
14063
721
12766
2420
11949
6114
3599
4248
8049
14559
15318
9541
2499
13386
4475
2037
12565
651
7497
7299
13132
13024
1004
8859
5749
11815
7803
12462
14686
6724
7529
12365
7446
3911
14785
3011
10025
2000
7259
1691
175
6193
11232
2675
3196
15708
4712
15761
16359
12209
6676
13107
8850
7680
5582
14599
3111
13386
10678
1413
3726
1823
13779
11172
5735
12180
14183
15760
14181
5058
1067
14356
11252
12300
647
14448
11624
5359
13825
11599
1185
4117
8322
10035
11797
13904
8250
14908
10906
2544
16322
14633
4368
13717
9421
10103
9513
7221
9479
7310
12279
10547
5283
7147
6463
5930
5211
1703
11290
2652
13302
12475
6769
5240
6126
2182
2760
14376
707
13667
537
645
11916
4905
14362
4953
15008
7491
12174
8103
14802
8070
2266
3701
15217
8729
9631
4045
10432
4537
6697
7350
628
13467
12590
6754
15649
15351
4747
16356
12634
5284
617
8166
10189
14979
13119
8813
6087
8910
532
4505
596
2799
8206
15813
11528
1453
3474
5577
5991
10172
12927
6619
7255
9134
13374
6520
8101
1737
6493
4351
7021
7110
12517
826
5706
9252
9639
11793
1778
10171
16298
2374
12970
8120
1804
8115
9573
5278
13692
15564
15450
10235
5800
6321
2985
2790
12842
11086
4527
2951
15437
11548
10061
11570
12374
15767
4439
5629
11176
6217
15800
11090
8592
12387
2826
10396
4118
12400
15674
1426
11580
14741
11661
996
4678
14647
3786
1136
9349
8313
4087
8403
3477
14149
3589
15851
13532
8028
5096
8325
14246
4513
3031
6454
516
5858
466
4634
1874
16140
6060
13454
14497
1337
14451
2792
15984
1853
3928
8950
10167
8016
969
13644
5781
4558
13112
2929
12587
1824
11254
10449
6337
14286
519
6853
3760
985
11487
5634
741
1163
2704
15239
2501
771
1647
2101
2625
5575
11051
12792
13591
12020
10052
2988
195
6780
5918
12782
8605
788
6847
14942
15074
7366
5412
2450
8351
515
8084
9092
1679
10789
7947
4180
11560
9594
6281
14185
15170
949
10593
12377
12969
4262
15366
13164
11042
4900
9562
3263
5688
25
1822
4379
7391
7234
6829
15742
7749
14914
8451
9428
9319
14
13608
4495
9609
3506
2297
8395
4455
12890
4388
1040
768
3370
14205
11811
8270
7383
15074
13959
7409
512
1954
14800
7746
8783
14159
15496
7313
6226
8540
248
6240
5765
4744
15849
9271
7041
7860
13726
3547
12249
14766
4316
15619
12587
16127
7506
3587
14817
5081
10996
15330
7035
9412
6692
15818
7187
5804
6748
13413
14345
6996
3270
3726
11740
2735
12997
2397
10596
10339
5945
6461
8721
10261
5696
4925
10004
13202
8512
8437
1899
3124
7383
8934
12536
14076
8369
3340
3496
15117
369
1457
5729
3639
5183
1086
6375
1796
3483
587
12135
9428
7048
4473
3305
12744
9398
13309
9563
1526
5363
11462
4650
12746
4013
802
10438
12382
4142
13935
11115
4512
15392
460
8151
4192
1546
14526
5988
5030
15113
1740
14458
5777
6213
1380
2138
15611
14689
11701
753
3668
6779
5403
31
10792
6205
10469
6790
10348
8020
1521
14860
7029
1982
6627
11221
3528
4770
825
8558
3499
2565
6633
9277
8778
8013
11415
8005
6318
6732
8758
9987
13511
14161
10018
7920
3983
4103
14710
14331
12124
16232
12807
2769
1830
3050
13990
5358
7820
14815
13917
11320
997
4166
4213
9775
12179
15628
1397
2113
5976
10155
12100
3103
7933
5734
11023
11916
9838
9350
9863
5578
9198
6286
8347
11028
9336
5953
2
773
4384
13919
12093
5381
1701
16306
15157
13880
15550
170
15994
5142
10325
11710
8245
1874
1061
2885
13790
10899
12235
7269
93
5049
13555
8440
16077
6508
14393
16079
7281
2393
13615
2990
7775
15316
2912
6548
12813
2078
6718
12423
7220
659
7749
15465
2534
8810
1966
16324
3325
14201
7210
3418
2866
4381
11858
2559
10889
9867
2255
1786
12261
15870
4776
3652
14802
7688
10200
11231
9766
534
7270
602
1193
15020
16068
3727
7446
1650
3668
10772
15852
10878
14190
2334
15259
9665
4894
9765
3148
7149
11551
15409
6635
16328
2677
5053
7632
12877
16285
1015
13411
7171
1617
14605
5807
1301
1948
13254
2952
5616
7642
2420
110
5448
4754
15370
15113
9648
8751
1878
413
3918
903
7048
3862
3581
12102
11495
74
12003
12510
13486
2790
14127
11707
8598
15429
13655
5468
1997
2888
13110
4417
2998
2174
9171
1984
904
2436
10735
2782
2849
14654
3685
9898
2132
7266
5616
13627
7341
1235
9753
4443
4025
7497
16150
12623
6542
13421
1707
8539
16309
14817
12956
2924
608
5743
4908
1512
8179
15644
4294
11029
13914
7979
4543
16046
15246
10159
13290
6203
11394
6659
10646
15419
14156
10412
11659
4314
7449
13366
12853
7375
11800
9425
10299
12408
15169
15207
13920
6964
14467
1830
1609
11997
9809
6152
11660
8671
16311
8566
14874
11321
15225
9136
10357
12998
3164
5632
928
10614
2614
13782
1605
14414
6823
11904
10438
5608
10727
7974
12573
8811
9804
14182
4424
3230
3951
16084
11901
3878
8266
10392
15200
7108
3144
9173
3722
6309
14805
4650
539
1035
2048
2144
15450
8872
14048
9504
14480
8391
1095
10669
818
10899
8468
5243
14129
12419
4943
9647
16297
13210
3655
15113
3934
6799
7902
7656
13108
6323
12306
13647
7359
14355
15791
6425
6843
13455
15929
4939
5463
640
15609
6281
11540
7693
11524
9285
3728
84
2548
3641
13294
6203
2371
844
13003
10273
8500
9727
213
4422
6991
7572
2393
6398
13997
9236
3470
13542
14176
8933
14183
13401
15214
9339
4710
10355
2240
8438
10439
4789
12079
7349
10992
14450
8193
7611
8340
309
955
8553
4731
7946
16125
7125
14344
13738
16361
1430
10896
14153
10363
8695
11170
9194
1650
15880
3165
3891
7934
13604
8680
3630
4569
3288
1696
12762
10900
10036
13071
11855
2205
1418
3417
1946
8543
1377
15684
8521
2808
10197
6290
13171
2508
1077
5981
4159
573
9146
8050
8508
6366
346
12138
10935
3634
13834
7313
14534
7487
4000
10005
9692
5419
13422
11639
13962
14800
10939
6099
1224
4752
12390
14395
7261
13467
3993
11420
14040
13139
3086
6164
3122
3432
1918
14057
7066
15753
4987
5217
6856
8987
15222
164
14406
12261
11803
11985
10677
6359
1700
11901
11111
14090
9912
1988
11173
13905
13408
8830
10661
110
14994
13783
3542
529
11456
10609
16282
59
15826
6754
9047
14664
6918
7069
10541
2338
2670
4834
8697
4371
351
3424
2077
10264
5413
13251
7785
2437
5697
2062
2548
4307
15845
6090
4836
10918
315
4734
10977
16141
11488
3640
14422
2023
10710
8579
4361
13380
13414
13058
1367
13765
98
3445
7645
5511
312
15431
7949
6009
1109
10497
10316
571
203
15153
11489
519
3503
6082
276
14992
9723
14698
631
4049
6894
4992
1045
3924
1666
2413
1305
1764
5858
8951
7276
6170
7998
15225
12179
9107
9338
6111
9678
9541
4880
4783
10060
8384
10866
10337
6992
4205
8651
7623
8254
15545
12615
9299
3085
14281
11712
4391
16045
1186
13342
6937
7356
4956
5778
3151
14063
15116
9263
7358
8274
14143
12141
1950
6143
6623
12287
13135
10828
4555
4374
2698
3716
605
11998
6802
14886
7326
11193
14548
8513
8151
5101
15869
13107
10880
2637
10786
9612
11900
1760
1502
9659
13902
3453
15803
4141
15740
12554
14970
3911
545
1284
7628
1150
13282
14430
16037
4225
9239
14201
12738
1006
2918
12223
14113
13798
14860
8515
7027
10376
10276
8529
3652
7794
11982
3071
11935
11339
15625
10521
15250
16170
11806
6494
937
8704
4540
590
12929
13779
14791
9283
14785
1325
5123
12514
15124
3599
4646
5767
13976
14922
14296
1244
6332
9895
4315
1883
4850
3556
12405
3716
3343
7827
10211
4280
147
14751
4870
13077
12147
3277
5976
10548
4602
11099
6679
3342
14699
11325
9109
12291
9863
7022
13535
16195
533
1466
1694
5383
5022
14099
9099
8365
5542
2926
12645
5690
1294
1131
2383
13441
4408
8359
7605
9011
3075
14284
12353
1390
9225
5079
13681
2704
12101
10832
2515
12634
12298
4210
1633
936
1925
10732
9302
7468
13659
5563
13158
14953
6695
15541
12010
11103
7516
3231
3730
10591
1132
16084
11981
10357
4779
9278
13062
496
3726
15577
13130
16024
3403
14763
577
5329
9111
9879
12797
6386
15442
9571
4955
5753
8728
581
473
16244
3813
4203
10452
4945
3903
6049
15302
8682
15328
11980
9178
2670
11174
5924
2311
14577
4303
2888
3522
13415
12767
16319
3417
11825
9506
8373
1195
1850
8954
1668
1711
12767
5871
12163
1328
9775
1828
247
2073
772
12227
11252
3443
7017
792
5754
5211
5096
8642
8733
2127
5025
8669
5544
466
1791
13917
1661
3642
6488
3329
5353
2871
9201
1132
4200
2592
2960
4447
4665
3733
290
15917
7176
7308
326
12930
12519
5422
5188
4868
7549
10213
13537
13093
10679
15329
10627
12341
2587
731
15670
7940
3602
8487
9072
7802
11079
12032
12249
15745
15765
12540
15278
6557
3464
15604
3103
15983
4642
8291
4467
12191
2120
1621
8901
12800
566
3144
8757
3153
3875
8043
11093
7477
147
3781
15280
11226
15813
11145
10587
15195
7301
9482
5368
10765
8702
8472
10364
13345
379
14832
9152
2500
69
1669
15300
635
4813
7673
3788
8688
15716
14881
16166
15863
2278
15062
10706
1707
9823
4909
518
741
14391
5887
11506
6710
14359
5487
3671
14738
3935
12823
854
4004
14493
16154
4639
2922
7443
8427
11611
6776
6924
11393
6255
9202
10071
577
10909
3510
5487
11428
4251
3494
931
15758
10204
15290
4861
13875
13644
8796
10315
14499
12800
8424
14269
1055
11346
5329
9482
6573
12105
22
1582
1976
9224
11653
2554
3749
15164
8041
15177
3031
11535
16108
2405
5356
15014
7266
2847
12275
16062
13162
10390
12478
5202
8275
13533
165
13604
6631
6738
9325
6653
8321
11302
15877
3590
13856
3243
2370
5513
2036
5402
664
1761
7807
6020
391
15074
8868
12666
14752
5646
6672
10847
10849
14948
7996
11014
12168
14628
1368
5110
4897
9689
28
4391
13280
13884
7634
15650
3013
9670
4668
3677
11431
12476
9698
11823
11166
2182
8105
9534
7828
14778
3997
2293
13342
11994
13307
9126
10238
14676
14236
15135
7981
14264
3142
4877
11764
10776
4144
14777
4063
8812
2071
15494
4904
11769
10933
16070
13951
2655
9221
5395
1049
13218
7689
14391
8828
4612
7133
2682
2904
4986
1434
10886
2866
4576
15763
14631
15353
3523
13024
3032
12336
15095
2142
856
10480
13076
543
8047
15731
9764
13443
396
6598
4748
14787
15427
9360
5536
1725
12265
10522
3159
6767
13389
7736
6146
11636
6705
9670
8276
9737
5622
6988
11879
6478
1084
8571
7021
9132
7918
401
6191
8314
7000
10939
6717
6043
3915
12254
7768
16180
6392
10928
6563
3397
2280
12710
15033
8985
5996
6926
2338
11618
13914
14217
1712
14998
6405
8734
7746
14323
9135
13937
6254
16135
8492
12971
5794
12408
8841
13563
12204
15234
8107
2384
2247
10387
15094
897
2988
4706
7823
5326
16324
5353
3159
1652
3967
9564
10386
11714
7504
3138
9267
13758
2889
1376
10345
8684
13784
2803
5863
9604
1653
13970
11988
3900
7973
10698
4797
10961
15404
12620
16287
15344
1589
3062
613
5557
12627
10999
887
3747
14137
10154
1121
643
11530
11466
9327
8930
14269
15190
2151
15922
12776
14139
3439
4365
8454
8236
15326
7474
4473
15229
6435
6062
1907
7048
11619
14534
1663
12506
1897
15801
6277
3018
60
1423
14485
9387
10354
12370
8193
12505
11909
4585
10260
15348
8950
2330
7200
7892
9805
11673
6737
16240
1352
8644
6904
12971
6795
8567
9094
8692
7984
15371
11711
8044
410
9812
1047
10764
5798
9240
6885
1323
13825
762
287
6391
3092
7488
14283
12897
2777
4636
12753
4129
13281
3273
717
3692
11841
9811
12384
3441
8798
7711
11486
9208
1139
12533
3589
6938
5390
10474
8261
2831
11236
8549
9223
14329
16037
7122
10842
2430
11759
7212
6560
8656
10485
7277
12348
5942
704
8348
9384
9502
16060
4486
2326
815
635
5915
7753
6025
6
16015
8857
11242
8180
1696
9187
7833
8818
3646
10263
4193
10858
439
12849
4959
7716
8813
10902
8420
778
3902
1538
454
8388
3865
1269
9023
9780
9023
15049
9786
8654
7522
4645
450
9218
13832
8283
1652
1094
2162
5846
11952
2602
2311
528
10318
11125
11430
2355
11903
15332
3893
12357
7336
7758
13626
16359
1155
6265
15024
10941
14919
6162
15586
15369
15380
13035
7268
649
14129
9431
6495
9698
12033
8806
10226
5967
3547
5272
8322
15450
4220
12216
11423
11556
3590
8666
11531
4745
14931
10172
15687
13467
16334
14889
12452
15331
11540
3337
15980
9286
12768
6091
2600
8417
14897
12826
14384
2061
1714
6323
1127
5934
2155
12551
1106
5745
4833
12637
10491
3380
6425
9794
463
6376
8299
12916
5323
3456
16253
4919
12742
12637
11010
15342
4670
9523
11784
2670
11584
13498
8993
12712
3048
11148
8879
4154
510
13712
407
11001
708
6833
4411
1172
13209
12710
14088
2148
16166
13957
7067
12524
10210
1693
11482
14880
11216
6882
1166
6417
3996
10160
2745
7044
4924
11624
11198
5434
8952
11606
51
9660
2055
4462
10832
15264
789
8536
1028
571
6109
8095
13096
16319
9788
8194
14815
4620
15077
15982
11037
2689
9758
13782
9734
14682
9022
4548
3733
1590
16154
3784
11251
1825
8247
5699
705
9036
14236
1733
9607
3961
9828
6319
3897
3232
14514
2328
7853
13207
1926
2506
15896
11684
16289
9246
9983
8927
13795
13716
10518
13565
1116
5385
15391
9363
11084
16096
2015
8936
1446
11623
12898
11274
1558
411
14507
16072
2739
5976
12895
4666
8482
12408
16350
8387
5270
9949
931
2681
7281
11449
16247
8398
450
15254
1377
11534
14966
3393
4087
28
15016
601
11303
190
1012
9426
16263
3751
15402
12774
8417
7500
8798
8384
15888
14069
1949
435
366
9231
11884
229
1245
12334
15483
2622
7484
14066
6015
11571
14094
4647
12172
9013
4838
13184
2055
4717
552
1073
1107
8969
8574
9906
969
8078
7591
2919
8513
7957
12150
4013
8187
13395
16347
7286
16017
7447
4968
5649
2635
2679
10296
14807
11692
15134
11608
13748
3467
12160
14821
4575
4745
7011
14481
5715
15089
5688
8634
7218
13645
4400
11231
5448
1411
11194
12735
1044
2258
1319
6693
4893
3998
606
3316
15691
15740
14924
13055
2824
10700
11492
7399
15446
2120
5496
4777
825
11184
13411
8044
8445
1427
2891
13894
2838
14086
10245
3882
16344
11564
10576
4853
15563
11182
8169
14870
10538
6710
11541
13362
1026
6649
4377
88
8769
9873
4865
9595
4673
1892
1255
13119
3319
4146
10629
6157
1848
4490
10040
1808
16054
4232
6661
15233
15414
14831
13719
9568
5157
8876
6547
6183
15526
10924
6272
7911
4414
11137
1122
9087
13030
2377
5822
16349
6524
67
6123
8372
4557
16163
10181
4228
4011
458
3077
3041
15289
413
12609
4062
9289
2772
10246
8431
13697
134
16343
1727
11271
1081
10814
7917
3459
253
7883
9983
320
14006
1971
4878
13785
12152
9106
1412
12611
12183
4453
11516
12596
678
15579
5502
3451
9441
13933
764
9575
13892
2491
4462
14974
13305
12380
2049
13558
3879
12032
13879
1501
14003
2373
15286
9772
11479
314
5999
7278
4767
1131
3491
5445
326
8993
8896
9767
6542
9660
2958
4051
12151
7421
2641
9073
3417
4690
6247
7296
338
3742
8797
14341
6115
7699
7729
1210
8013
13728
8489
12780
14860
11980
1841
15186
4589
10738
8570
11131
4014
11528
15182
16166
2565
1439
8855
5982
6129
15102
13278
6467
2461
5691
4425
8576
13390
12154
9787
5019
9499
1892
1415
7975
13872
3257
6777
2077
13995
15347
13208
1625
10492
12007
1407
13057
13446
10262
2656
3192
8981
15934
9659
11442
5242
14084
3634
2248
9855
13421
7268
2970
15313
8683
10945
12801
11940
1338
14878
9551
302
11703
11177
10794
7326
12584
7467
4388
6463
10123
7580
15444
9674
856
10502
14916
14940
14136
780
8411
11174
8048
11381
10103
348
5942
6521
12288
7281
5015
5456
7583
334
249
1993
7660
12833
9460
12049
2912
3200
3245
1972
12874
4101
12474
11406
2658
10227
12186
11069
5017
3851
6067
15120
4199
12009
5257
103
2906
10273
5559
10489
10607
5808
12482
1884
2258
5559
13933
5170
8759
794
7143
5249
4896
3233
271
7554
13460
12457
2239
2093
16308
8306
830
4123
3932
6087
4227
6838
16360
9786
944
10584
15595
13426
12468
1469
2601
10017
6639
11360
10811
13782
225
15707
632
496
6877
14092
12954
9117
16186
12878
1039
632
618
4971
6719
4845
11810
6696
14631
12754
896
13842
9796
13364
15311
12398
6997
5567
7374
1424
2965
7600
748
3597
8096
7625
1306
4666
358
1108
1161
1398
1740
1779
6369
8459
6624
1795
15155
4871
14549
16051
2330
7962
13031
1257
3976
3644
6824
11350
5069
9790
2566
5817
13387
10663
13442
14693
15329
13801
15801
106
15199
1157
1885
5184
9617
8509
6980
8388
13381
5145
8056
15711
13107
4703
584
699
8348
7409
12050
13417
815
14616
2850
14202
8895
16292
12512
7841
13709
11929
7947
12524
13087
9833
1325
6320
1958
8305
14708
15339
13450
6380
14666
10174
11084
15251
10873
3048
6276
6539
81
7091
4772
2931
4909
13667
2839
1037
5124
165
12967
13072
12689
9670
6521
14014
15990
8479
5935
14314
7435
3002
4311
5717
13176
15395
4584
7665
2059
10860
14205
2140
1567
2593
5071
6477
16260
7910
7514
5001
8075
4097
1689
4381
13767
8210
2011
13373
305
7947
11304
7740
10949
15615
13458
7741
14626
1658
15406
301
12519
13227
2441
14086
15820
7512
4179
15697
15422
11694
4314
7114
15791
6003
11495
13175
14213
13506
10164
14518
5069
5084
5875
16018
4315
2949
7375
2557
4607
6398
2858
742
3241
5299
14829
2678
12811
2624
1991
11850
14318
6305
2580
13726
12308
14075
10517
10137
11197
4297
8271
16267
9382
14146
15901
13697
711
6893
16255
5319
13291
2729
6061
148
8029
4506
2826
4456
7131
4817
16306
5065
11122
2502
2407
7046
193
12924
799
11391
838
9071
11274
10220
6833
10791
7533
7545
1300
7404
12864
14591
10134
2541
14740
1779
7048
1182
6235
14179
6000
6158
2860
738
8660
5268
7785
8854
1808
8584
3861
2646
1271
15135
12866
8105
9542
4016
15650
10843
11420
12130
9050
5170
14671
7406
6949
5335
8589
13185
3130
14589
2959
5991
15327
11619
11259
6728
4089
13067
15313
7950
15714
200
6701
12196
8305
16244
16212
7571
10703
11249
3317
3369
35
1605
10776
6985
6940
2981
3786
10071
1186
6745
16062
129
1980
10937
6858
6070
7620
5787
14020
6950
5987
4338
2763
14293
4198
2591
5480
14901
13840
8798
1886
13876
10403
12662
4477
959
15643
8263
11030
445
15008
10708
575
604
5261
7433
6674
12882
13220
4311
3448
2823
8649
6211
732
12847
8803
6213
11364
6259
15011
13250
3751
9030
9529
8228
9989
8788
107
4636
9234
15115
15344
9809
15720
4222
858
6010
720
14078
10321
4168
517
2586
10380
1250
15433
2799
7463
10413
9058
6090
7280
12810
15120
425
4654
8725
9213
4762
13361
2063
3493
12322
11872
2829
160
12730
8840
880
10424
2777
5048
10942
5364
15428
12192
4413
1843
3271
14827
10902
9361
5723
7328
8097
6148
11982
438
15361
360
13800
1041
3854
9738
12913
6683
9898
9260
15523
10778
3300
1917
15826
14242
7281
14871
10050
11694
330
13321
10137
11232
6298
15860
2176
14395
5624
14159
14834
4602
14519
12250
5643
1989
5604
2172
8673
15502
11432
7812
9896
14733
9729
9338
12591
626
7825
6258
12321
8156
3195
6074
3004
9494
5551
5181
7505
11175
2956
5955
15777
1091
1821
5036
3081
7425
7209
11754
6543
2257
3182
55
606
12912
9394
13198
13538
835
3072
9475
8991
6267
15550
11996
15761
4717
793
6883
15892
3749
12838
15286
4840
14660
3938
7921
5701
11147
3291
12245
13405
6474
12300
14011
3002
5310
10825
156
6146
13897
9632
15137
3781
8798
10749
3158
13515
11542
10041
13023
15291
6496
11925
3748
4772
15864
11669
10473
10627
14961
6334
7648
5051
2251
5276
8053
7561
16101
8209
13707
13615
1457
12461
1012
10255
6826
4170
7386
1985
14212
4026
892
4324
15951
4640
9096
15431
16310
3185
9675
14887
9520
939
3554
11771
6215
11607
2948
5933
3432
272
3164
4890
12733
4176
15145
3175
8346
6148
5160
6174
10174
6053
10498
9741
10693
3210
8789
10619
6396
2080
9122
15916
3019
12676
11303
9235
7899
14251
15168
11332
14523
1948
16222
10872
6124
14983
14048
14470
4747
2824
4261
14921
8877
14759
8279
3187
1586
684
13806
7982
2764
6545
7514
5783
2837
2433
15018
10737
300
13802
5685
14824
15750
5523
9312
5490
4122
6976
3577
8870
9801
7838
7407
2294
6213
15686
5481
7799
16370
2904
15781
2750
9449
6911
8534
12286
9344
7168
6639
9645
4587
12324
8085
3953
1463
1013
9444
5586
7990
13021
14456
1407
4475
5479
3701
10688
4782
9183
2104
4768
12087
1501
7519
5152
8413
16053
1054
1373
6837
7694
11018
11424
3634
2719
15378
5098
3733
8438
10684
11723
5075
8756
13130
9550
14235
447
3854
2633
9630
5958
7402
5333
7460
14921
10485
15873
14590
11540
862
5043
2850
11881
84
6484
14600
15462
11582
1949
7516
5882
13672
12591
14638
10418
5757
12490
10866
9611
15123
4112
15570
6141
9446
6646
4678
3547
6135
2884
15087
6997
7928
1553
2494
8012
8038
711
7090
3236
2660
14606
9119
16333
10813
7373
10367
186
3479
4849
9797
2219
8962
8983
8360
2024
15629
13039
5571
5380
15923
4275
12378
7467
5828
14872
15479
13866
15583
6185
719
1860
4407
9838
1809
15220
827
12176
15406
4307
642
8820
6526
9604
1419
14886
11628
665
11541
815
6045
11081
5090
2039
2164
10919
528
1260
8401
16111
7445
9120
1587
11853
2574
3396
10689
3402
15573
9712
7709
16215
2148
14235
9435
3567
12737
4679
4232
7895
5494
10278
2592
10585
12317
4756
5120
12845
6016
13521
12573
13462
6258
14160
8931
8832
1173
3236
12234
362
12948
3559
193
15096
1410
9628
2280
14148
14307
6512
5659
3417
406
8251
14002
12724
13007
2738
9185
2640
16260
5374
16102
6134
3151
8649
14966
4324
11885
10817
4686
8450
14376
4879
7162
15787
14507
9442
13551
12430
15955
2826
15847
16361
11077
13466
12701
7700
16204
5503
10340
16080
10877
10058
5830
14028
2323
4413
1968
14209
15230
6654
6275
13222
11533
13437
12625
9656
6496
9792
5702
6067
12618
5166
6044
7311
2248
2362
15012
2068
7865
8968
1765
2358
2643
7595
3
4966
12008
1971
2791
10854
8626
9066
7693
3775
6120
3934
13432
12616
13727
2750
2299
9961
7916
8343
889
10164
10705
15901
12233
2186
8485
13998
4545
11128
5209
4548
16095
834
6519
2502
11688
15145
11569
2997
2537
1305
6932
15969
13921
4275
2335
16220
14236
10252
8179
15125
4032
2501
14642
16265
4687
6744
13879
9232
1488
2705
13780
1199
3539
3916
3702
15227
2677
15271
1841
5214
192
8773
4799
14113
13048
7135
13949
10900
1003
5744
9642
5035
8245
7900
4917
12933
14644
2412
5781
16133
5117
3178
948
8656
7094
4650
7500
9771
3537
9341
14986
3729
1730
3401
1458
14778
10536
15407
9294
11539
4768
2552
191
13013
10453
5108
9562
8713
7520
15344
8462
12638
2138
9411
4910
9232
14061
12410
2619
1215
5367
1221
4944
7097
4623
6403
5491
15159
5426
14786
10315
10194
954
10506
6824
11407
15614
2
3737
6750
15346
12199
3004
1100
5226
7915
10332
2904
3941
12952
4119
9309
14173
9063
22
2412
15466
5514
1188
4509
3916
11503
14703
4870
5625
5143
16278
4855
5146
3631
11605
4108
15830
14610
5209
4673
6141
15541
7577
10082
12109
11696
3007
9899
4375
3030
12311
3458
8544
13499
7967
12460
8618
6286
946
14243
11430
840
2714
192
4471
14320
4300
3918
12546
9509
8591
2303
8667
16168
12385
4392
11480
15393
14291
15855
2039
10219
2929
10583
7334
10896
6659
15953
799
7605
13812
12229
8446
143
12421
12917
14463
337
451
10625
9847
9042
12928
2130
8826
8929
6522
3922
7938
4430
3394
9977
14649
6323
4176
5599
836
10835
5168
1635
2057
2597
13864
10503
2740
9901
7036
819
10238
7488
11444
3701
146
7988
5831
8973
533
12354
12895
8472
400
16289
2065
15049
6229
6242
4264
7065
693
9433
8700
2750
12030
6180
13253
14770
16081
3906
15589
9935
11394
10649
13637
11540
2253
3084
4129
2786
15438
641
11258
15838
546
13324
14503
6775
3182
2384
13840
3875
11817
6156
6626
7463
12336
3495
5849
12033
7401
5054
5585
2411
15703
2838
13952
1572
5922
1697
4358
4977
2338
15617
4431
2885
12557
2551
9660
15739
4935
7117
3230
368
13273
9856
7831
9226
13352
13680
4875
4369
2350
10460
6781
1669
13298
4349
3241
2837
6046
7599
7814
8385
6832
12245
11270
3005
14796
4546
2360
3347
11663
5591
3715
8553
15447
11546
1395
12415
8842
6270
401
11192
347
7182
12861
13645
11531
16102
98
1193
7318
7912
9578
14150
3774
4464
772
2186
9011
3132
5534
4290
8723
9249
12843
7787
4412
14238
3818
13254
4125
4219
8063
4472
11401
4540
1733
6548
4259
1832
7742
11577
9744
936
9343
13518
5401
10115
15705
14412
13248
4855
2318
5587
14104
15162
13374
2132
13016
809
15387
757
5028
7066
5229
46
11606
6963
6594
15865
8795
14336
11058
2155
15273
4018
15674
4290
14133
14995
2318
10997
3466
4636
201
1186
3414
13575
3319
47
14384
2322
804
3029
9388
6034
3075
4610
12997
9669
4092
5408
7622
15150
7563
6511
2784
6853
10801
534
5464
13119
11531
8930
1371
11732
10117
4786
8924
13436
4833
6924
15758
5637
9953
8762
11671
13028
13372
8284
6314
1080
13692
13936
16231
4872
4063
2631
11725
14864
3165
806
11599
14697
9736
12970
10045
3469
1372
2585
521
6205
9510
16279
11843
3079
8657
7130
16108
5646
15415
6038
6726
12723
3590
6573
1211
7653
9205
12937
6133
12370
13743
1348
10683
7095
14318
4345
10565
15691
6930
11086
5512
56
10982
971
3136
3255
8102
2860
8901
7133
8898
15628
3472
12488
5817
4684
3757
15022
1237
9890
11009
14980
11238
5308
5691
9172
9653
16256
8479
200
10959
13992
256
5557
14963
3392
8812
6681
6252
1330
13814
15150
574
903
11254
6391
5587
15011
5030
6824
8517
16039
5420
3371
4963
11111
12544
14617
10984
4639
14817
5559
2247
15073
11116
827
2082
3544
7508
8334
4874
4939
7101
5448
5842
1971
11840
11429
599
486
1869
9116
141
7289
12488
5104
2016
8648
3337
13000
13287
1770
2175
15535
460
13291
16362
2542
452
7486
10876
5326
12425
1593
10775
1883
3565
6231
13312
4164
6717
15181
13280
6858
6086
9384
11962
8103
1648
15300
4719
14936
686
6895
14087
1146
3802
14065
3688
4254
5167
14565
9581
1209
16158
3972
3092
3339
10203
21
7503
536
15202
4400
7394
4905
13784
2972
13008
15433
1888
1343
13985
2575
8238
11688
3721
12041
9369
7410
16295
14536
5591
9492
15745
5365
13464
2454
8705
7283
2475
16208
7819
1293
4224
15213
6198
1625
1802
2822
674
3690
4166
14659
6265
12404
9963
9987
8061
2948
1013
7973
1100
6604
1081
462
11969
14546
2916
4290
5445
5391
4115
13265
6684
8339
12094
12883
9964
13896
15705
10638
1203
3487
8913
7468
15892
2492
1071
7569
5440
2084
15542
6541
8688
240
7003
4274
14786
9919
8564
3847
15310
12679
728
5610
4635
12823
2109
14599
10335
1431
8854
11538
4918
1383
2623
4426
3876
3694
11996
9316
5779
11154
15857
14467
11394
6476
2357
9796
11
10922
13644
15321
7217
14372
4548
11852
10811
6657
10068
4763
8088
2538
16301
13007
3921
2540
1049
7797
6235
13045
730
12014
7816
203
10097
2826
6680
12455
12623
6691
6993
9883
5629
14210
7871
10177
9679
2299
450
3363
7062
8539
5901
6979
5162
9822
9520
6211
1236
15755
2873
1966
11385
10689
2169
5098
13515
8849
1169
9754
15541
8162
3253
4786
5989
11125
14963
15668
13424
15413
2647
4102
7568
8548
11081
12730
1986
4217
2558
3222
3588
5431
5188
14973
16120
7358
3688
13251
16207
4857
6622
15364
13020
9875
3766
2625
4616
2345
1909
1656
1375
4556
5758
8943
13104
456
5290
15090
4673
7848
1929
8262
13279
7117
6851
13015
14475
10539
9882
14299
15397
120
13279
12033
9996
662
14658
14612
3007
183
16269
4382
4739
5643
13326
1459
6099
2232
165
10773
10080
2094
2651
6975
9212
9502
3606
7303
3658
13488
5218
2671
13609
2114
14704
7221
2776
12978
5449
5783
13161
5334
10166
1516
10978
7108
2975
693
9340
3140
11466
3036
5235
14117
10011
14447
7236
13617
5366
10894
10721
10585
13565
7946
12699
11885
15167
15475
8479
4233
4874
5256
9567
15040
6772
4161
5764
9747
4855
15104
12887
16321
1756
1738
14055
11767
16185
4907
9000
5168
15801
3338
15753
12982
11284
12068
8483
10068
11159
578
14301
16033
5834
7484
14690
12606
11646
4070
5969
117
2791
2472
54
4547
4211
14109
16315
4012
2632
8931
9180
2049
12269
8549
15031
7170
4233
7130
854
15392
7708
15155
15042
13542
6255
13348
9764
1517
1034
15733
1634
3825
1822
1689
8373
6033
15798
8304
10045
2047
851
2842
4096
13121
11391
2744
3907
15625
9874
4761
14633
1199
3532
13291
14741
9787
10255
8122
11305
11290
7471
12939
15115
9293
14628
7104
15326
14043
15408
8988
16090
16260
11830
3802
12997
6837
6546
520
6078
37
5281
4328
1236
8813
1235
15977
2216
11491
7715
13521
6397
15187
10077
5128
8096
8321
12233
7039
5980
11257
16027
5686
11133
11473
9489
7746
1926
16035
8266
8005
16072
13547
12333
924
5976
13568
518
8193
8675
8233
5330
15072
7036
15407
3817
15133
7345
16050
5788
13325
10923
5431
2628
5673
520
12117
13419
2446
11768
5302
10451
11457
2465
6400
12381
8442
3585
12899
251
12260
4749
5581
10949
11785
4605
14766
10534
11950
14432
16322
8891
8971
5369
11519
14644
5889
7252
11680
8336
2637
598
2403
14094
3063
8804
10091
11505
12389
6607
11756
8265
11356
954
2830
6757
5559
1212
908
1125
15644
846
10016
8232
6216
5152
6492
12105
12404
1788
4057
15041
2386
6461
12751
5450
15265
6459
571
11270
13066
12328
3151
8038
13282
5982
14795
2457
7194
15703
3582
6455
166
13598
14687
6382
2366
4795
2103
14771
6584
6161
13428
8970
12622
9796
14420
11503
16255
14992
6389
12937
10936
9540
4591
7834
15522
3002
10291
6333
2322
13873
12788
2488
11087
11091
8870
13454
15886
10973
11841
6086
750
8885
15057
13372
2297
13093
8491
2168
11701
14880
15105
6253
8037
3312
14087
7175
6315
7994
13508
8637
5483
9912
11125
187
4619
3611
13641
4122
14584
9098
10208
15335
1599
8881
12323
3897
5591
4431
6065
908
2927
4787
7162
10964
8099
4865
1756
14414
12860
15264
6667
1959
8793
1408
2146
13412
5019
15787
1150
3220
8501
11359
2171
10101
3856
14494
13998
9447
2541
3679
10356
5469
8466
1134
49
182
5999
1805
14596
2475
686
4880
4435
9479
6288
6581
6507
11308
5985
7658
14528
14486
2633
315
8203
6489
14809
5817
15937
967
9497
9909
6436
1579
11043
6485
1761
658
8291
16358
3134
8977
4854
7569
2072
11142
14150
8579
6066
3751
16237
4210
1854
2486
4525
10057
8976
2951
15875
8529
3918
8988
2054
10354
10567
13097
455
12329
13755
8746
12303
505
1339
773
8074
3411
11915
5841
11991
1598
9592
11844
5808
11446
14331
10334
5120
6923
13285
4611
15452
819
13599
1122
11173
7782
14219
11628
3727
11590
3991
16030
12096
5330
419
3786
8742
12335
9627
4349
13933
2836
16193
3357
14282
14140
13691
3018
4679
10592
7629
3747
11411
4844
4869
6200
12627
2704
1445
16354
14295
5436
16001
10007
10766
36
13793
3124
12371
7037
7473
9920
9873
7283
13278
7771
5039
10585
10790
9719
4794
2035
13466
16205
6880
1952
6022
3123
4656
7467
3093
2567
12903
2710
12574
7285
2747
9984
10410
15118
637
1499
8655
10510
8782
5549
1897
13822
16134
12687
7157
4544
14723
4239
4366
5219
6191
10388
8342
10848
1471
11435
13415
14374
14146
9606
5275
509
3206
15685
15627
3843
801
7898
14353
9583
13447
16250
7021
13198
12554
14178
1358
10893
2034
5724
16112
8225
16112
8070
2689
1199
3121
16105
15573
883
9327
4465
1392
12533
3766
636
16376
4567
8534
14345
14151
5598
14211
4788
2412
10381
2583
3770
4890
4617
9495
4618
12842
9223
12688
15532
10423
15810
15253
9612
309
8196
14077
1702
4345
1460
2338
4337
6027
10872
2298
3794
86
125
8583
2498
10507
11166
6269
15397
15783
15764
3632
12241
8603
16320
11389
2642
15746
10258
12255
16056
2070
9948
1374
6415
11408
3712
10752
1052
14584
13050
4846
14671
13176
13429
785
7299
8211
7054
6312
7610
6434
9944
3468
15038
9881
14857
1296
9243
8732
13551
8915
10802
7116
10289
834
2140
14001
11586
3192
12202
8253
8039
10489
5045
5084
11274
12344
13296
1945
2272
4522
8379
12217
7990
7033
5714
6464
8330
14957
15196
5497
7489
9614
12613
1394
10448
14754
15396
5651
1562
11214
13904
9601
5319
2565
14686
209
14909
11598
2154
797
16120
10534
13014
7727
1183
2344
14191
9513
918
13003
15011
8407
6233
11240
9801
298
9610
8813
5949
11173
3643
3469
4390
8962
6034
2692
9172
4559
14290
11326
5356
14027
5476
1987
5370
6660
4331
3177
16173
5249
16180
14800
13656
6029
9657
7074
6327
2883
15887
12276
14056
3147
15745
2063
12109
5395
4755
4897
9954
2662
16224
15311
305
5316
914
5675
11976
5245
8852
11766
10495
8648
10182
7767
14677
3455
14841
4621
6339
14345
513
4011
1108
16259
6074
13217
5270
10830
1731
15225
13492
1571
14152
13797
6887
15066
3088
2480
3927
11940
14246
14422
4204
8044
5806
2497
11500
4263
7118
1455
2224
7632
5466
3332
7507
11541
166
12777
5987
1897
11618
3095
3468
9386
508
10355
8068
3596
12835
11996
15536
10697
10034
3356
2358
15840
5853
13858
3720
12972
15313
5944
4220
4395
9277
11727
15936
9443
8120
5539
11340
3355
8634
14808
12741
9142
8779
4426
12738
5231
38
11890
15928
10072
15246
1902
9529
4716
15760
13249
1304
14689
2809
5524
2701
12086
867
2253
5145
8987
7793
101
12342
43
14909
8700
9186
7305
13126
5540
12536
13164
1047
12080
6852
16293
13983
16381
4625
13359
13246
5929
11665
16056
11453
14366
11758
12320
235
520
4924
8028
621
882
8072
15531
9582
874
6452
6324
6414
2604
3104
7461
14684
9957
7371
12283
9954
11996
9259
6817
1542
4540
6489
12995
2522
1863
8932
2757
2383
13856
10786
3005
14738
2474
2152
7937
3348
8604
14261
9762
11208
982
840
9508
10939
8211
5408
4509
3823
14667
11326
5365
2823
1431
1977
5345
3295
10909
8102
5678
8381
2504
8683
6735
4978
10835
14672
8326
3055
12550
1705
14263
13532
2545
7388
8087
10756
12796
12596
14579
11079
7539
3561
13902
8970
5538
2863
12265
63
10965
1560
8444
13470
10243
15179
2064
4695
13468
10391
7750
9634
12096
5630
6782
14641
13018
14869
9013
9430
11081
7208
4125
2236
10769
1643
11207
16307
4506
7088
16370
15471
8648
8430
12557
2508
7226
14622
7203
4310
8629
14953
13944
4341
4199
4342
2598
833
2827
11611
10263
13908
2435
14388
16145
13205
16031
10968
13128
4153
1672
13115
3241
10321
5161
15798
12829
12387
14036
3648
313
6281
2217
14257
10622
6417
2215
13220
7250
5042
8447
1130
2567
10883
15518
2328
7704
15166
13296
4448
2935
14968
1179
6176
8905
6341
5591
5350
2344
3243
8998
2658
9525
11216
531
3763
1249
2747
600
8499
7789
9047
9629
10356
3546
8764
12684
11250
7546
9596
15699
10481
8181
494
274
702
6835
5865
6053
9180
9108
15051
11838
2249
9883
12369
6013
11132
15116
6613
3248
6522
15660
12877
494
2823
5257
13179
14073
12803
6391
13388
6901
14572
13883
7175
15275
4334
13040
4944
13514
5764
3611
8968
8014
13495
4954
14027
8243
3686
4256
11491
10208
3532
7985
10703
6355
13242
7498
4045
9662
13889
1049
179
12078
14932
7354
10969
2883
4010
15913
13
9774
3140
8982
1404
251
13936
15431
8495
1238
3303
3602
11447
6836
11587
5766
13191
8446
13264
852
1724
10769
1902
1903
6463
450
9257
1048
3333
13267
577
3347
6657
3718
12329
8062
3969
9881
7109
12464
11119
10413
16067
6182
865
11270
11948
14056
3332
8828
14909
5056
3214
427
6959
9677
877
16216
10726
4211
13099
11303
7558
3373
15021
3503
11435
2607
13384
2160
15071
8119
12573
14754
14302
13438
9641
9866
11111
12973
2311
9636
1646
5525
10063
8605
15202
10940
8438
9544
15151
5153
4464
6325
8526
3101
9828
3577
5708
6828
5738
4396
14948
1927
2766
12866
15366
12407
6348
10093
8997
8659
3345
10643
14184
13408
2864
13003
7964
11302
6163
6732
72
10627
13057
8598
13729
6502
12176
3053
13330
1530
7449
11894
3457
10216
8376
2439
6239
14725
12532
15236
7000
15877
9495
4801
12901
12360
1420
4482
7278
7583
11214
7350
1827
7887
15949
15556
14389
11741
2225
11336
13271
9675
6846
344
3507
15223
2784
9746
13564
15316
8599
4180
14810
1710
8981
11327
14070
10401
15809
4965
1601
10639
12315
3428
2143
11880
2600
148
7237
4825
11484
4124
14500
1947
4469
1623
786
7253
11370
14350
6185
3585
2146
4611
5295
11128
15939
2982
5145
15364
7947
6746
9620
3878
10174
11763
15759
12774
11911
6612
1216
7012
10737
15716
8959
15206
956
9745
6075
12326
7711
12260
15911
9857
488
4822
4601
43
7804
9747
15407
15751
109
8643
3246
10284
4022
2621
6674
15934
9233
7890
6562
3586
7223
15521
2408
8179
8882
8483
4121
209
4360
3648
10066
4848
8470
14668
4891
16275
8031
3914
15642
8140
12558
2504
2040
196
5125
8715
16130
14359
221
6308
1561
7444
5445
3970
15623
14327
12453
3360
14536
429
7008
8219
5277
15479
6503
10168
15370
14534
14083
14628
6290
10257
749
8331
10453
5874
662
10200
3849
883
124
5411
8328
5570
9381
7567
3513
5450
10928
1666
5880
1552
9885
11157
647
4
4942
16017
14538
2641
14262
4444
12898
15011
12775
6967
4501
13437
783
8351
14321
908
13762
6265
6478
6759
13832
9991
12209
8376
11657
1705
9929
5158
12863
10576
5162
1421
10210
3316
4062
8088
7761
576
6715
4152
7543
11216
1206
8327
3183
15527
9235
561
5408
15713
7320
2856
9320
3146
11233
4594
4851
4778
9752
1330
15354
14915
2751
9180
1847
6813
884
9608
7389
7599
13761
14933
2432
14967
6876
5615
14110
16111
6177
3134
15440
13497
5990
8376
259
839
12970
5111
5617
6339
6441
4588
4870
9193
13768
6717
16006
14653
16326
7012
5868
13703
5561
8300
12286
12437
13916
10012
12164
3709
13146
11220
822
2752
3212
1082
3592
16183
6193
9209
6138
12634
13797
11008
5443
11182
1341
5066
9451
1283
12078
15319
14986
1255
7236
10888
13692
4768
4516
9472
8477
1278
4308
9299
4031
7520
10381
7623
7319
190
448
13457
12825
14246
8081
1884
9044
9423
6950
2111
10706
2644
1046
9309
3899
8282
3813
1207
13050
8330
10679
5143
9608
14987
14443
13639
6124
8440
4878
13443
8631
5327
10517
5072
3189
2214
6956
12233
11637
13907
14344
5960
167
15390
15269
4067
7289
2698
5274
3955
11028
15954
9099
4253
14557
7158
1508
4297
15598
6387
1357
7845
11714
11874
12917
14903
14088
3490
10752
9342
1013
8712
15302
1180
7718
14187
5247
15007
501
10522
2579
11530
10092
11678
15783
8265
2452
907
12563
1666
7294
13920
9512
2624
9410
6045
1143
7114
9535
11895
72
10548
4223
15374
11729
11942
13177
592
10565
13679
11114
13144
8825
4822
8438
8224
13088
10890
9131
9267
12557
42
6803
5685
2666
16213
11730
3810
6943
4882
15705
7016
15430
3545
6006
10775
15487
2800
11368
9668
95
6098
6429
8920
10921
14867
760
7625
9374
9891
508
5547
9933
7311
11232
12600
7140
6578
26
14083
11460
15731
4715
10507
2892
10722
4898
1995
13522
16266
11664
13617
5981
1709
6153
518
192
6913
8143
9566
420
8651
15113
10354
15962
9961
6570
6718
156
6596
4417
11616
5943
9133
5739
8836
3471
10638
10831
609
10520
6111
14226
117
7820
3995
635
8013
10908
8778
1195
11328
1045
16309
5298
623
9886
11868
7341
10042
2080
11759
5275
8024
4508
11014
476
7979
5268
11307
8588
15789
1035
6430
15906
8855
10425
158
484
4949
8936
1680
16277
9982
1605
5192
10605
11491
676
1563
5150
2757
13322
10425
10781
1446
5055
11257
9425
10324
6180
1629
9729
7215
8059
9251
16071
2100
9409
171
7049
1962
1851
6942
11944
3456
12134
6165
14948
12811
7728
3714
15568
4666
14139
9965
6112
2810
4838
15537
13134
11018
782
6479
1850
8841
15731
1537
10941
8756
1708
1606
10718
3560
8549
6278
7016
4299
12444
5580
726
3788
9294
16294
8455
7049
9875
14567
9860
14713
13721
6610
9348
14503
13090
11198
6961
12437
12735
1518
4809
14443
3125
15528
1619
11674
5422
8636
15973
1482
14216
316
5271
7127
226
13726
14176
10102
11909
7652
8431
9246
14263
1395
7366
10969
12593
14327
7022
8944
15845
11831
7004
2586
10975
8623
14260
14
875
13850
1496
15092
14166
6767
5835
14392
4109
3627
8110
16019
11280
158
8881
9159
1553
16247
3744
14147
14190
10766
6707
13652
6213
13711
16238
805
5951
14115
819
6826
11581
2315
5534
9363
9083
11369
7371
13192
14997
15482
12827
9893
15640
5325
2668
809
5188
6412
14956
2995
794
5280
263
7007
2607
117
7812
8558
14232
8631
15385
9429
10947
4535
2408
3646
15905
9780
454
14518
8878
13282
8027
8134
2223
10695
8943
7411
723
7516
10406
1517
12796
10669
8524
15403
10787
16337
7578
8635
8584
6579
1681
3147
11114
4089
6793
10635
13869
7248
8769
6363
4146
412
14497
6369
11107
7057
13780
11830
14573
7803
13347
10985
2088
5488
10004
12875
5441
1198
5127
14025
7777
6808
789
2508
10897
7582
13143
8383
14830
5529
14746
2592
5941
12860
8961
665
3533
6358
12495
1722
14161
9459
12707
16249
14947
6327
12741
4004
7526
1484
1645
15303
8292
2434
1427
2805
10017
14571
11188
8463
3716
9551
11056
9657
6027
3633
10322
9560
9991
6434
11282
7768
15893
7605
7634
14456
13932
3991
2076
5074
5475
3721
3994
13767
6156
5421
188
16173
3608
11377
8252
7324
4544
2924
598
10571
6558
10920
3747
165
970
15029
7934
479
6250
15568
14935
3798
3175
627
8873
8650
4349
12867
6033
10505
1904
6221
10294
5513
1214
2162
12837
5758
5087
13435
16329
11645
7972
3692
11810
8942
2337
3360
9422
8587
2544
7973
12386
5719
8601
4875
14369
12950
1358
4018
7071
3262
10240
981
8775
11454
3143
5229
829
8230
2280
774
3491
10252
4467
15302
2811
6804
2278
12233
15392
4823
3822
11394
10542
12423
16269
8528
8989
1243
12546
16060
4505
6402
657
13281
1473
3801
2126
2302
12031
4406
3076
15523
14659
7543
14441
1086
14348
335
13319
13356
5158
757
8366
15701
13181
8251
7845
5786
9494
4007
5463
13999
10410
6120
10896
11883
9921
13022
14185
5569
1045
877
4708
15704
8421
2765
406
6385
3100
13725
3357
8259
14482
11723
7576
11279
3590
15421
682
13084
3044
6145
10699
13454
12265
5212
8953
5803
1850
6754
11372
2895
7632
16080
2215
16053
2461
2621
6054
5561
16346
9411
13820
14445
4750
5012
9340
8340
4049
10022
5040
7094
16167
15739
4164
12049
4567
13118
1468
6418
3488
12840
9313
11120
12536
11529
10789
14997
14150
459
4174
14113
9870
1611
12174
14620
6623
5130
6576
10673
15153
11616
1383
14936
10972
5547
10601
15539
2281
12069
5573
5770
8525
14887
506
4677
10032
11296
3290
7798
11755
7465
5527
5242
9076
1317
3478
15699
6448
10055
9988
5217
5287
11371
3769
16259
535
14371
15415
2816
10056
4604
8586
2198
3107
9093
6875
13139
4005
10166
4554
15760
1247
10081
4618
10323
11399
8097
9638
1463
1768
3243
6680
7055
14614
10449
6931
15149
8436
5962
1582
2109
10566
10168
4307
13674
2877
11182
10429
6882
4964
14983
6259
6211
8681
10877
150
3696
2590
9789
5159
4358
13032
11839
11414
11262
5904
1961
10028
14341
7923
11610
66
2105
5394
4373
15779
8272
15555
9825
15154
4136
8424
5029
10347
721
15907
10498
4417
2113
3903
9576
6472
551
5031
1502
11813
10936
3463
5457
8893
11386
683
8959
13491
6078
13332
12887
14350
12503
6328
13120
255
14752
1766
10603
15474
1289
4717
3507
3402
8620
13084
9874
9171
1731
11376
4600
12667
14839
10058
5176
9841
10741
14135
6949
435
11083
3452
14785
7203
9780
11522
7458
8148
13288
1677
7238
14577
6394
10746
1595
15014
7446
11470
7801
9177
6462
12402
5461
4918
6076
10637
14759
433
8389
5324
869
3088
8776
15654
10291
2172
10792
1366
10321
7696
3043
1175
5889
9438
11921
7485
8068
2983
2571
15870
12161
9033
11888
1238
13951
1580
11875
12327
2013
3880
1267
2882
6969
10044
2153
876
12216
12945
2242
6153
4258
5286
7329
10147
14724
2866
1248
6408
5850
3819
5894
1627
12853
1398
2865
10420
2978
14740
6363
4992
2237
7631
7874
9206
1291
10027
10082
13507
6589
12325
3277
10847
1227
10606
4610
15951
13472
5859
5975
2938
9678
11870
4565
6147
13268
7430
184
16247
5787
6547
4855
8024
14178
12729
846
15469
6373
10928
12593
12962
6869
15870
7425
8096
10092
12035
7663
7180
1510
13639
10119
11189
9125
14684
952
6009
5731
1136
5872
11518
7684
10727
3158
5478
7073
4004
4564
13446
14932
773
10024
5418
259
1065
13514
10351
13100
4794
1147
14611
2049
11266
9416
11174
9567
10368
799
15298
11505
6672
10432
2805
1015
13590
8283
8088
1210
12847
5150
16142
13620
15174
5176
13879
16239
2307
7846
12956
7101
8994
11183
9150
3876
4215
3940
13443
14583
4739
12357
9704
11411
6405
12509
12427
3611
4409
4131
4821
872
9282
4580
14493
8072
9756
11988
7928
12063
3451
4500
2780
12445
15683
11930
16321
3514
15870
13381
1713
4226
9354
11418
15637
15760
7543
11680
2987
11952
15812
7809
12825
8710
12389
10934
398
5761
6538
8326
1441
9989
12826
4221
6050
12125
16152
5988
15639
15638
2985
969
3480
12339
12387
2734
11715
3546
14414
14703
15499
13842
6128
11940
6168
2133
6490
6567
7894
13028
14893
9335
6634
11336
13557
12684
7077
13325
2288
6333
12579
5273
7302
16060
1229
3305
2410
12944
6851
440
11263
5966
14283
1007
1522
4067
3140
8012
10634
11035
4657
9144
3986
11291
4096
1159
7591
11173
14484
9880
1122
10680
15153
8424
10356
16382
11729
12766
12943
2197
13206
7822
8163
11105
8830
9686
15173
11970
1314
9423
6621
5971
2183
10608
878
6279
11767
8470
1069
9868
1966
2191
4164
735
10616
14520
734
5961
10902
13677
8158
7724
5115
16322
2446
13945
9624
1235
9532
10938
10658
16153
526
12842
10377
1404
2737
5761
9874
3806
15629
11840
5998
3409
12576
230
1545
13310
6191
12447
10603
14350
3787
15718
14288
6233
13280
7528
7468
6428
2082
1743
6197
2608
14585
191
4013
938
5952
13887
4745
5197
9344
10743
8606
5536
10973
10151
2462
780
6214
13065
15130
10001
12399
13034
16235
9295
4178
7319
15723
6261
9062
5537
8869
7263
5728
12882
8202
11680
10386
12947
493
3346
7306
9099
8882
1895
2866
11344
2675
9080
8025
1422
2697
4040
14456
2548
13336
2251
9868
12675
8512
2546
1828
997
9810
7556
13880
1628
2852
7882
14575
3345
11228
5497
12444
3726
7392
15310
15070
10067
8006
6711
11489
10704
10751
9562
13252
7703
11813
6736
3995
3941
9283
5823
4938
2709
13380
2434
4337
16232
10316
2528
3194
5160
8025
15638
8886
15417
14565
7572
9100
6187
14283
4206
507
8651
13768
13760
16354
9197
4112
3965
13138
13395
9789
1692
16104
6785
4127
4057
6633
14443
6585
9827
3220
14610
9082
12106
13643
7263
3295
6360
13450
1194
10566
13958
9845
7950
11334
9816
763
15446
13781
13901
12458
7186
15593
12178
13971
3336
16236
4221
1396
6437
14048
4616
4664
6746
338
1923
14009
3633
8283
11076
4828
2465
8650
14673
10415
3600
8105
11178
2662
5503
8695
15120
12689
7905
10915
10277
11241
10767
14498
12637
820
12162
869
5484
2525
1208
7408
150
4841
15691
11226
9669
1773
3492
7959
12188
7092
16064
6983
9755
5183
15678
8491
1489
7199
3022
11766
2057
13789
9880
14694
14610
5658
15564
3710
8183
388
11118
8334
5229
10426
3176
14899
12199
6669
6474
8003
13761
6154
14986
7132
11338
14281
15624
12827
5096
2262
8209
7153
16052
1705
5464
14278
7363
4644
1604
15547
5032
12723
7497
10261
6765
10673
8776
2580
958
15250
10583
14720
5021
9186
5468
16359
7083
4708
12802
12179
6971
4627
2949
6639
6332
8413
4533
13695
13057
6137
12858
1705
2476
3971
11966
9241
14645
4359
11821
15603
3225
6021
13939
8246
15207
3024
8221
5906
7732
4639
1701
14703
9266
4650
4958
15598
13063
9491
12910
9736
15629
9384
11441
1721
13356
7024
10963
11617
11383
6400
10836
14608
12421
8392
6471
11244
11416
14692
766
2764
2948
2468
1084
12214
7118
6042
11429
3798
15534
7955
13534
14779
955
8592
116
14311
15616
11079
9544
10615
1096
3997
8839
13517
12389
15310
8378
7421
13619
9144
10185
183
11612
11269
12397
2347
928
7442
6145
78
15397
3295
14857
16353
11887
14973
14280
11119
9669
7441
5350
10765
11438
14190
7898
7443
13116
16276
14864
10351
9037
8665
10534
4265
3551
6548
6612
4479
13990
12757
4557
13004
16053
3030
12973
11556
1619
10869
6292
11288
1926
11642
5669
13364
9448
13568
4423
6181
13460
2903
148
6113
11569
10683
10379
15120
847
607
3215
14837
13365
7772
11457
13034
10802
8046
8206
12421
2532
14498
7326
4458
9757
12995
1439
2821
10179
5862
9002
7256
8766
9151
13369
3951
3450
7364
2687
4297
7972
5902
2750
4953
13674
14208
1603
8092
5870
9809
4129
8402
7924
11455
12861
1297
8067
14300
4118
1862
3778
13121
9118
12544
5888
6104
111
9338
13468
2798
13635
5056
8700
1
10009
5990
14209
11612
14082
3696
5038
1828
12098
12962
13283
8575
14259
4966
6491
1993
6829
10270
15114
15947
6430
4618
5667
6542
13956
2752
9340
11207
7808
1657
11209
1434
7647
9034
13046
5346
12730
1700
7174
8445
14662
4073
636
12537
9040
7128
14531
15869
1014
13261
15432
7444
1496
4716
13986
15452
7468
6943
10276
15276
8600
5101
326
16247
14135
13373
5209
10482
15073
12383
2543
13352
73
3179
9505
9113
10307
7652
8598
11321
4530
7646
2382
6026
12362
16368
5094
3446
6927
15370
2339
15527
4087
2665
15391
1839
16038
4216
12321
14728
216
14864
11696
289
1659
4817
9402
11967
12470
1616
6904
616
9262
9286
6642
5241
9271
11736
8687
16198
10723
11026
15342
14810
13692
14349
265
13346
2181
12586
11690
2397
11066
7002
2686
12726
11820
12088
8309
7906
13704
15213
8522
6583
8116
15164
11824
1003
10516
4127
817
4855
15154
16159
3282
12462
14124
3547
9424
16306
16134
4731
2319
10816
11733
5006
7158
7169
710
15467
15075
14415
14297
7213
4614
6029
5993
54
7032
126
4181
7849
4981
2951
7625
8263
15413
5365
11811
8454
5287
11561
13185
7607
5993
8534
12613
13152
15704
13323
12235
14395
11354
10148
5225
15968
16177
11218
16022
6825
11344
3820
14675
16326
6771
5916
8205
5801
11281
3632
14255
185
15193
11056
7792
4803
3206
4021
1571
2526
960
13806
538
12315
7571
5763
11899
7364
597
11538
14190
11942
15358
12481
11884
5745
2013
3705
11546
13294
7338
9417
13479
6147
4089
4887
10950
7296
8908
12521
9822
9869
9944
10360
5800
1131
16123
1315
8495
337
12853
6301
12279
11827
2398
7779
1189
4411
11484
12735
1322
2438
5769
14801
8586
9858
