437
398
216
41
675
629
294
707
463
890
728
1006
172
30
845
172
129
110
623
314
767
465
226
593
488
29
652
848
150
599
695
587
997
911
628
648
516
923
331
980
789
36
962
962
66
783
110
195
893
734
509
637
175
735
206
663
764
858
487
914
433
158
478
406
46
82
31
562
1005
362
518
771
398
456
709
464
215
819
659
85
529
144
722
705
880
928
344
620
762
832
511
171
990
989
577
12
47
608
575
29
971
69
800
345
526
485
810
741
280
445
826
810
590
524
491
446
428
835
42
166
643
553
337
610
518
915
622
566
499
173
595
446
243
371
792
769
856
578
486
112
1023
289
922
589
813
389
11
218
201
54
384
844
607
722
430
102
613
29
668
88
202
239
535
445
610
303
190
442
881
677
554
880
966
453
446
755
842
457
973
19
511
334
864
95
32
270
197
645
299
865
733
502
80
244
947
690
547
114
108
404
791
662
261
733
91
707
464
934
140
414
953
652
748
793
747
780
40
944
401
339
785
110
841
865
355
765
531
902
879
639
283
646
277
544
355
369
227
819
279
367
209
208
1019
957
1002
742
713
18
662
90
357
423
201
175
264
556
940
795
434
795
410
717
417
688
237
772
33
464
567
312
832
777
520
827
710
498
546
400
516
184
490
874
608
691
25
872
223
965
644
658
736
30
351
129
718
589
901
751
29
444
39
861
197
560
665
908
34
187
284
551
371
774
401
979
442
426
828
665
367
448
299
79
478
651
208
173
216
85
924
245
529
964
83
727
500
748
611
534
935
895
61
282
645
462
238
63
888
42
729
231
490
4
310
968
655
518
117
871
603
18
93
109
982
176
836
458
924
423
992
835
294
30
93
939
492
331
1003
357
373
708
588
863
712
899
808
344
393
925
191
997
943
284
82
901
460
918
335
360
317
304
171
611
334
265
526
826
596
505
159
970
189
748
809
902
623
593
222
1016
495
413
989
414
698
47
292
134
965
627
495
258
931
666
869
241
931
372
44
504
877
203
450
43
951
235
945
550
829
143
543
300
556
508
714
230
556
1006
365
497
610
860
756
517
502
601
759
410
973
803
914
827
1006
340
870
934
575
791
460
380
934
1003
680
466
488
371
697
20
353
38
517
963
898
249
457
376
851
192
786
800
995
676
603
977
1016
449
887
568
216
324
948
126
303
605
593
791
976
266
811
305
304
305
245
178
554
702
554
381
894
317
158
865
993
761
818
986
187
682
530
403
1006
454
530
285
35
99
53
1011
365
864
293
669
145
538
847
700
216
377
57
86
694
215
951
664
977
745
626
140
403
132
543
385
586
49
671
622
148
724
609
513
564
902
158
710
416
1005
386
632
359
443
718
29
659
645
693
612
367
295
752
770
427
271
132
1014
321
803
612
469
503
197
983
43
76
117
753
492
99
115
101
458
559
819
487
194
441
157
806
808
452
534
554
880
805
686
870
102
465
458
572
968
655
531
1012
731
648
741
200
747
857
301
181
392
96
669
586
537
826
368
321
254
902
876
110
683
538
980
786
1004
414
334
948
46
865
936
777
489
654
977
213
487
254
394
879
351
39
441
888
865
809
186
96
687
38
206
346
576
163
108
556
577
442
481
623
283
393
377
773
23
330
986
510
585
356
365
936
396
806
800
237
591
986
333
254
0
540
601
577
703
709
109
256
128
590
880
411
984
233
160
1007
563
122
494
124
479
859
36
875
642
837
88
209
799
422
464
800
962
41
353
641
750
462
897
878
29
753
266
1013
986
426
996
526
549
466
650
4
302
687
879
944
500
967
129
275
365
593
51
303
634
404
944
361
867
818
215
896
547
481
885
510
908
857
12
433
300
662
437
602
325
292
522
825
235
651
77
601
221
128
904
855
533
825
192
376
619
408
248
142
889
109
652
773
966
664
182
242
303
619
844
628
911
342
430
123
994
507
724
191
635
604
22
144
405
215
520
0
623
768
143
488
877
795
238
820
436
420
38
739
16
883
343
927
201
773
26
171
256
750
362
892
331
385
12
736
600
533
737
199
277
880
687
131
651
925
951
63
322
989
802
338
848
122
241
26
895
268
197
128
1018
560
1020
325
945
8
38
521
541
775
720
819
631
383
950
258
285
877
322
607
842
100
945
667
222
162
693
94
430
890
222
425
426
218
750
347
226
788
868
768
539
564
563
146
948
489
405
209
342
727
816
160
827
737
827
26
899
496
120
306
363
342
731
789
560
457
113
786
222
981
530
761
522
69
908
446
558
289
655
900
1016
447
37
819
160
864
845
35
337
965
341
700
283
48
465
843
506
578
606
728
536
112
465
34
182
349
480
740
638
111
617
630
558
654
426
718
494
247
753
