1708421557
462375310
735773912
636001321
548549283
1524886133
1835486502
1365359299
870630863
1424863098
1513543384
353976302
1908644012
638008350
1564914509
851607724
1425517697
660973678
988582511
299274554
657364735
719565265
1486432482
1201243729
1890661864
785915933
744912524
2097169232
626373782
69056087
1909100215
187311691
531431397
497390479
823313012
1079980680
2022276612
511315867
297856331
745423828
1936178965
1811399716
1099400130
1697339330
301924418
516830991
401463406
1727442115
1177804669
1390045918
2026716669
1835169405
2109611183
1365665503
888929486
1852789399
4097788
1633842010
1802474983
630471570
1702898097
1564091550
817783262
86845846
2061482030
1641096274
1166826527
1936274994
4928493
1464682858
534215174
1941107459
1128598926
1633615304
1490963141
1430523344
2962647
1892426547
1010481811
1180767317
1134988817
889714832
868453074
1097116353
107896688
1757382560
802422104
111994476
1243740922
457413440
742466047
799155371
2021504990
1560249309
886001217
1935503372
1053861935
2052827744
1724294719
1058790429
1370026955
111026245
852414240
351142233
1744641550
195893733
1781665578
1747604197
2088320280
644663741
780887866
1075825450
1534378574
1649340940
25458155
1642275262
1259239852
827880259
1754269738
355497126
1285293699
349252137
1154652497
1159315042
1909501446
2040653715
947334766
815879734
1945997811
524145837
1874670163
1168541118
635172083
579600755
1519683352
232329985
775494488
1153865282
1979934182
716331120
1798529023
613338401
1792156570
1185423949
115195693
1817614725
680215563
1374435546
498011337
287001654
1729932672
1783305036
636253791
737101522
795136430
398271590
630271589
1742471197
1214151324
428785752
119133386
941337839
1597326871
754305469
1520938594
969526575
986635454
148949434
2123391857
819085989
865280554
1774437232
1432424390
509953477
812377534
1547620083
180084554
1492593097
774571981
678095891
1779594751
357021006
313917280
268364895
1094122528
1109053710
666636485
1724394117
704041259
1880787809
5696221
823174646
674642000
1603023092
1577480115
48096946
425066019
416631922
197046380
400974228
1235717911
1062326934
27927813
520658653
1572280411
840305347
2068278736
1752364966
185414796
695367070
282977209
1965009548
1052388076
596894489
85890795
2146510604
1705948200
752527280
1723421073
262505811
485831441
1729117294
1085680457
1160473441
1184656739
515676925
1208570387
1609722758
932308847
1405616767
2010696987
20543110
320460053
2038624800
541201763
1892740465
731446499
461996851
1497621783
916861295
1157363921
1780598992
734387195
62268349
230009834
820277990
61295305
1935958034
1572805270
1784716378
50980197
2058636711
1366350025
1136660655
1071626504
403523116
1652337580
132713243
2013245874
437162779
1538330010
1876459213
457705889
1858790064
1767600365
998907652
1604046881
351563216
1460904503
954185016
1268424512
470784777
587300360
2002811707
533053126
817310194
675606050
594348432
605784580
100927672
231581162
656764778
12080736
1597931187
1793425433
1083707240
2001454303
1298279365
1216420484
1867216530
1735442144
607266846
1596192095
45664385
318573262
1216308813
1044572037
1922620143
1567872029
357992892
729321511
688812893
828777669
1316621872
544140953
1361830796
2133932066
1219747003
1956179228
592232999
1320674675
40276742
1248997777
1332755411
1638207930
894939562
268979004
1492178585
45735279
1485399488
1211911467
1781177423
2092666334
660619915
1826841808
263755949
1876928728
723930197
38892444
1297317109
1081923089
768213956
1986130003
1910700759
2084835828
382787308
1125047907
2071284246
1602534311
933743487
516033597
775725338
974020229
1765031374
2108480750
464744511
512487288
229976106
1956923097
558222567
1715375594
1021350916
191916342
1660558280
1681970831
2018758150
1924314229
1411415911
595204699
1963206674
561249373
1677127789
583936982
399895728
1440344900
521289162
782683036
417909159
445089760
237733699
1351652646
961123358
1013459037
178189227
578671084
974456139
642933739
1091158373
1204432245
452373188
1649380940
772324191
1473724104
1841297283
285398824
1008211288
1712571785
62229405
272143551
160292837
2025436079
833392924
1837420626
461889413
1233288652
1130281878
983178575
2015971688
1548191037
1428268336
106221739
752360035
241908046
1119680777
930549262
820579130
2094136916
1573483001
1911737503
1151085514
2025856189
1413634796
1923409705
1352096646
1107448431
61324881
212824286
672536568
123554287
484967837
832829405
1506718
1318360762
522766383
463396132
404165766
1653048261
1446574707
272653807
1053755650
727359395
378875546
1806115685
969267441
1498556323
589181300
1789846572
1445209592
15180653
1554100427
448811458
2041036843
820251575
224737515
1245649841
1927700006
286062397
1458474127
452752927
409616684
1943441964
1285582332
411123402
1114319078
1808348716
874519534
1518484845
1313913329
173610594
1791138652
220185332
900969989
22530550
2026301017
1870237431
1521086874
467998669
1512600355
818812818
483179323
919217134
1267624276
376732518
1739468710
1492361791
1622382359
1519685068
1778424188
933372838
1972437995
40557224
729331154
1110536680
451680627
1843650233
771401748
1326200161
1214651430
2085315077
1499810755
858306434
158016761
253297097
880836984
36834131
2123534528
254440210
504832800
1488651235
1073253028
988012123
260384721
193393656
1364744641
1999853431
1685755448
839643352
1372054852
1316695988
1773016190
1197009199
1357253213
354863697
160062231
1808933840
51030282
931463979
987650353
1265681712
869295409
339977461
2123988146
1027312170
593274558
857341482
1064146301
569325438
1111781693
1568979102
2057976673
37551073
409507577
170877746
230944730
1774252219
23247530
1916700178
466411923
1395302382
1085912518
91944466
444827933
295682083
446808163
604890165
2104615923
497838445
1536354144
944782629
1763520157
258165905
1284760090
1740024655
1285478076
1878034648
449882489
202140729
299876438
1561664182
1771119831
210369463
1599215256
33143761
381247209
1830159986
1807395980
404494739
1599376516
126324255
1799797121
537805386
218268721
97141407
833487470
665076884
702031572
790619745
1162915329
90902068
1735402374
778951838
349067974
872678816
371492845
1634546050
603229816
821375335
1836686779
903106254
235555869
1460322963
1113475717
1834771125
1493466724
1494722927
1517447463
1153379056
1899217666
969340331
1279703311
1551531140
1507145718
1497972033
1648672547
193149540
15565269
203220471
983769285
1178480599
294122539
571688012
1957432437
643190513
1444366828
181441635
130252915
2047596645
1002816970
1966939695
803219251
1238372839
1279779010
1916694969
925660317
625762086
1263934248
295624132
1779141142
1015668266
1264964464
911360805
419715758
624626534
261849190
2068388305
817776074
277414460
124125128
1801545359
1455895059
418247668
225749723
1265843848
1061438181
1670116552
1447285483
1191691097
1570229549
302618805
1011147144
225965152
1540991645
143442506
2142660121
319168314
769204592
1259110721
614792446
400862086
127295340
1879756910
1312222891
547011098
356899796
1574072082
467915756
1174675870
1851486542
592040884
828737582
1159897953
1010288552
1054487305
278258153
2071726734
577120209
1725543637
1115934183
2147349758
2028162442
2127081327
225831263
1421670439
123040185
221007736
1740838753
892244777
1480118458
208147552
1293106863
1607413798
2087904462
457846106
6941248
297320611
2031918188
474857004
1471996481
1735921082
1066897889
153250415
748335387
2077186441
1207737721
1026593541
2001429527
1784857930
604653530
969880062
1784724041
485332324
949477741
2010555304
1907002764
1072517926
84079392
1500357869
1964762703
1564197850
1708505421
1110385918
1024128000
1648926236
1568232025
1031069249
1946246847
1452666565
1505926253
1270759680
1041104000
425340494
1424010096
1789439387
355043288
484264169
668549280
208989167
121638451
1273202810
1178869230
1906362492
1758535135
2128346971
1769434148
1518054251
1053381250
1853513541
870928472
870660305
1270227743
431950246
1981046224
146872096
2080876482
1401794601
1177941345
1879639681
706977518
536383950
1002915713
1748081518
961724445
279442161
1390037258
1316767733
763706330
2058586538
1525756900
885344782
1184305701
557142482
644223626
795357188
538005806
266174127
165927791
1591387056
2119687668
1036856263
314563713
1242431763
1468806509
148126289
1389303859
1402199343
1549920890
419761556
1134355376
109414761
956145507
2137271090
1857496279
1917869952
269229603
1100049889
1087154037
1032935934
1011152780
465427289
1918280716
47974833
1022569772
415020694
843332021
1560575578
681194821
1009259812
1004478986
653398841
2046116075
1319042699
1895830605
1367438937
1467168989
1137650816
622154632
869606231
1557412373
1756510009
979020992
366074232
1746297451
689033624
136460536
2015527054
1789083513
1223614573
900979340
652752645
1689041862
671776408
700727478
564127986
1086797103
1544059499
2124703564
1767991924
405835663
981698902
273907118
304468091
153257954
22254075
1671907028
1620426943
1159904891
146578012
342549526
569833616
1903088021
1321570519
935907848
1501901824
2010604143
1072368384
1369945231
1652204008
148499309
123440923
157473006
1837541172
795217332
858200484
254185510
1882014435
254776336
231405427
1502522711
660611999
1213104329
1776429829
965080090
1366362283
1798683904
489503470
839305578
811105148
636081483
1181855105
1380938764
391685856
355941976
169362965
1893587681
219062471
1241731349
1116049264
1871266479
1390230659
1239490187
2028739485
1080288183
2034707519
739456322
1334473693
1769238306
994232658
1565879120
1124277370
1654844657
631499802
753223551
472441100
1997862085
404423808
961944570
689684016
1215528956
1598026053
1871539121
448984072
1989711910
79997449
618347037
1735815943
299059920
1860078387
704381559
22842751
1102825398
1943871746
2051582237
35629933
1831095618
643554911
1370103626
1452850276
1637787569
788499099
429643998
1145148578
1419998901
1182867550
1617589678
1270377338
1587291358
432050601
1960061354
655336666
2030076654
1684116827
1104320738
1872304916
1764114276
1722667776
1460637211
2063174196
1435262515
17535122
2086016948
390604265
1961406869
1990115537
426234198
1645018839
486186800
1796337824
950385467
2123974369
437353275
1380029466
1121639299
1857352176
415413368
591745330
980245867
2002704726
1023795931
792823573
510557744
906388937
329456753
1614878482
631210206
2093571029
1190062610
2091847417
2009261578
477841477
2109382540
1947794878
868445742
1923305761
1790426767
1294679940
1420840952
129129919
943534117
223742771
105620640
1380887392
1603772237
1227259939
1090755921
2019185605
1819005269
2071001788
1874406683
695317552
716341713
237480779
1601706490
1045798466
1852359262
85433048
991885848
894938224
29796817
853663778
1372779702
2139179357
653975008
93741796
1915001470
296918127
1388421737
1188358774
426048046
184472206
1412101546
531668686
1565359598
868390135
1758928625
508631871
740092093
1430450247
432150011
467015128
2125767799
1148491725
704495908
1579990641
46806543
409371522
1665423689
1038692391
1304309746
1695220507
1892356169
529605800
1686916216
398847529
623347597
1454434039
695765656
2011769334
495309165
1121813702
48757892
1907410711
1653482388
1614117490
628317199
1264927366
2122749362
1368409292
547893965
407415725
1835424420
526178116
1555907450
392436680
2106168758
1602713994
801808202
1624108799
493922737
2106117949
1171845658
238795259
488240101
711278227
637642788
1111587698
18228618
1333408445
975873384
513537783
307738499
1024631276
273464847
1961220888
491265119
901782046
1078664606
466530833
122707690
1626558571
873946558
1958132110
5253039
282370361
203085143
2111421797
1885084355
1004893345
1588046949
231523444
963527646
612408959
470318703
1451767748
1323687186
1107961492
415871798
1341915804
293886289
1391745183
1855453588
601624788
268892811
2128918435
415362028
760157930
883216833
1494026634
1226688763
1005924523
973101557
2100635322
816572985
978354597
235522035
1019658128
942292746
2120606390
2024551474
382856047
204646186
840595472
995265007
674964890
144879572
171468545
1782926382
560751371
1513384350
2076812671
1952496554
1221354290
530953811
73905717
1202789077
946315840
834063648
2086005910
292858826
2060752411
944446785
1265960384
2013904085
1761019770
96831333
101942472
633194251
1039124079
75065214
510262077
1421980127
279711401
1350857549
269761486
954676291
1495737122
441230031
590119025
2056488493
1954614381
519448048
1861501399
1028485023
1050401859
1935407116
83790452
1996717699
621987116
22312714
142092878
535255880
966759499
1408053262
401676317
580295622
1504884595
503618790
1213489873
396525026
578684004
1723751950
1818505153
858395405
927125851
2088266639
1813071696
275379325
382013023
255707073
184384170
189143756
775155121
2045885569
1217628780
1825556981
1833809038
1301419232
1674791032
308312506
1323731947
1816883910
843568386
143007798
1077453524
1245244704
723303420
434854471
1748863494
1936793293
831379498
180063850
1513061595
502401003
1038459256
292703799
443183995
704047304
568083124
825197018
959754378
752467295
1014340774
1734909499
650869216
84485906
1412982832
337194606
1385905139
940290217
645507113
562153438
609690479
1489075499
705161236
1687144004
586836555
1428464657
2121998475
188216401
1217774302
805894325
368280252
583352250
1308295329
1406739508
876056049
1751479324
2110786812
1444139173
429192694
923057542
49122820
1443533468
510483394
699992037
1528019375
1923466226
1037186643
766440866
716272795
1682693756
1328594304
1325963275
1024285608
2033755540
865623631
1611122163
1314736549
840138458
1799338565
385027204
1646032784
20135169
968379454
806844465
1426874677
1844435503
410840141
1390177841
1141091028
840032835
165751736
1190213849
136082655
676235130
1890205886
1664102030
452217708
779908881
283059248
1168490504
315118990
1611653552
346970131
1339404598
1497925445
1212593762
803043113
665178346
2052732220
454898030
1050205550
1551281356
475033199
2018585004
210642173
1901907876
1715536859
621482314
1144602070
709144240
1461515149
1310353806
1899358089
1597597805
1986588936
1642080327
1114216187
291322996
274505560
1397275436
1459813500
589624550
861445340
1806783631
1929029148
211887137
871893745
584588614
877065484
777142318
1039486644
1927271034
180940026
1514519844
1798372391
391582200
1268944072
1366425602
1013064514
266062494
2075569842
327096016
1576416300
1827444283
1924693821
1415521588
1322040962
891426360
1706844585
1596546523
141218148
1019174437
38687425
1002663489
678474421
1967716574
1214550626
1550368166
404821540
2091616110
180026836
1444308184
1871403497
360966863
811344380
1522292240
752549063
2080288453
741234194
1765613577
198867299
669320389
2092709593
1775283600
349281024
1869919766
1043321540
1671321987
613862479
602682477
1120384862
755080627
1621856915
1159072287
1757744116
152847688
979305213
824811095
1703215854
1384126753
768943557
1883242691
680951290
492863406
96725906
1492295670
2015155646
849274969
1425100475
608906193
467404898
1623967775
1278226582
412630844
1251767727
1627507606
135066962
147605619
1151345945
748929441
750288097
124247159
1504010069
224661364
1283319447
1114270537
377509052
115141012
1939081632
2080724906
1499267766
560541542
1816483949
32735408
1053404948
1913209855
1525031078
921076947
615001176
802647906
1529983140
1082406075
279132033
660726074
1495036919
1530899760
140750032
1630103881
1678505379
1292095978
231549675
281309828
1416343137
1735559744
505971192
552178936
702346633
883480244
667319949
493944618
816721503
19104067
1054486160
485721804
51839475
2107891108
251448012
1576870553
881484407
866449188
232034811
263983899
1948855263
511166844
924709973
1296408534
2042066604
1065460006
779028768
1573088336
210072336
1010578443
1854398164
1626415473
598654539
212885709
31110762
1301001172
1096365953
698430711
1794945790
1913087456
717534778
701948302
251325613
769374253
662355763
502773625
198761158
1543840170
1369222813
430795970
1807824070
1170594429
941962814
585050395
319519315
836545771
1650510401
1098548083
262150459
1860582737
2109126526
2116548623
1339514563
560297417
181950684
1370625325
1861298590
1278316638
2069056036
1508760732
1043920446
639107166
63225387
1295246059
1408481419
725581150
1798019684
1607242577
121937672
1019758850
2038038547
1929761742
42869631
832517714
367328490
362388946
1669063485
2017838891
1460937030
1931213944
1730937981
1422579908
1900278919
922968896
1982877326
2082229604
146110573
1696692268
1213062594
67682961
1057969352
109499392
706790127
1121194739
1404745452
2115271546
1846775889
1055281488
1575030475
1968713562
2075040338
1465585375
1750991656
2117909969
150619441
2118320146
332815268
1819682926
1988675390
1793752298
1603413222
1572129723
1068848558
1356208493
347614971
904242236
1290954449
493725544
453450856
356533395
561408505
1511420209
466032788
1268198632
485131300
1870778240
1235986530
184423542
778576080
663533357
5653456
706132771
2129118732
1756645112
676559092
132254525
1727481611
1009374360
1951937451
1568673353
655643010
1407867025
993319428
1724491569
616591871
1340934399
481250157
1907546320
1834659943
934701014
116596068
248584800
298637575
582628856
1516783432
783768875
305923448
605286314
968192417
1084499528
1268819671
973845873
1790632299
1250454756
583007338
319707744
1382709281
163005301
1329082104
1187163085
1731678654
1984725115
447546462
577514434
1561733036
1064138333
1918448833
2042983193
824201006
1605625128
830200559
940797074
1854209928
1128838134
1523425930
1223509712
1912607010
1829349378
1828796026
733315779
766365258
950132049
1707161653
409513910
53103157
142685343
729221654
1435812439
305690644
2058303758
475491876
2037369298
1895545225
923038338
467400084
1309794613
1987176672
238365269
1205294159
663894030
1843990397
2035494718
1604691104
1550716677
1016849205
980633386
626742741
781972567
662499116
308055119
1515288346
1428864374
1258187168
1074966351
1838378284
1311290326
1217651694
420116290
599619117
1523342338
330936401
1075110993
1413227988
78997978
1998149331
1880628072
1388792592
1837842355
2118993341
446603103
354252737
1815500090
334614173
1958943841
1218733119
1351463378
792093579
1845475860
2133435945
1454592695
6047331
1501240644
735973422
1264234500
428723347
426868058
428041178
1646375042
846984349
1027660295
1022233732
1177920750
2102771288
287978073
1256918728
1953436971
21122497
498227672
1643795679
2140115839
944830775
1998048416
1808132281
1279444949
1809508610
879381753
483424679
454118541
577373965
469376977
1908711237
583421297
1970617621
497201011
1847655797
251857320
924069069
128213327
1898232362
1771053418
1155873622
772982447
801490520
1111161262
1060960520
2058409249
917114585
1082083017
409153273
413426616
1074715208
1353984049
263991385
735363842
485945350
2073499995
1614745595
969370029
380134888
44635912
1438747006
141362477
628057209
1261880979
638563488
328229358
1513738300
1562632558
456442685
1264487014
1186202328
1612316307
2037469461
1987692849
575993921
950946333
1898618450
1493108507
2033029351
160288075
1906535123
960260911
1514272124
23042860
1695624753
2000217474
2096542855
1162886700
822103856
329194096
1207522613
113367214
470556573
1835579822
1375248194
1109120062
16325533
741502846
524268972
472768218
2005989860
1710471300
2085084526
1895975674
1550680501
513594799
699438359
1301815303
2006703306
584984062
1462103379
1765754782
1545244974
828891855
1788797642
1093386079
681625682
1737856850
108789132
1503729538
2067050946
1316311745
1617096752
390123871
1004407919
844861298
1499243933
1020733452
1586364144
2023512905
1493501671
1444870357
1586500558
1431102549
1193362383
989697411
1944697348
1892800742
144029067
1803917007
330301157
1606132446
1422188141
1875546131
287540653
1063502135
821448562
969166335
653875337
930237694
325412225
573442635
99065791
1942508978
963566507
1103473711
639886628
315326792
2124207163
78767125
191356050
1470225186
1523637482
1777856608
753844087
569516217
620070371
551057788
314833311
764099438
207491147
645134468
222748236
1629679288
373196951
510288890
545697775
1194645514
1479455225
1199573113
2124883208
1804867451
1773015748
76465352
1599892781
589098607
1179939063
92295761
904425400
1156662578
171062886
1095781450
479404117
1694700368
726154410
1233248204
116732937
1346224781
1784305992
431566249
2110324220
1991797139
1076700717
185588808
1473992779
1449897669
695877698
2019690555
497059535
27849276
1071780020
474459095
1832716727
697312120
550924447
1285125860
1286410728
1730863510
1377421621
43352480
740042441
1548484508
1139133930
1219446558
1095701228
1865288340
305211114
1212434166
1064029473
2089517107
1644000415
1026870045
1933830598
573217484
1212458854
1260339730
2023115153
1908336552
1132546637
372691040
1936185828
56843009
847150136
1621418907
754155129
1398074583
759061119
2040565857
981454446
2136482741
2083918337
1721496887
1537483601
1075568619
793459797
485701181
793373311
1098670911
1698135347
1857402785
1040704370
1194652114
736789182
827051321
1767869599
1949248036
2087391051
1643501104
1710100941
1072454040
2016192145
1498803121
1129297049
715858633
972738381
1883452178
2113933216
1731799500
1776534388
947904014
1720798593
1712969077
521917253
1110798546
641054049
1315377050
1596499728
1434427360
266564314
1147151427
1144346497
1307268684
194319894
1881135680
2134320005
1962189493
1682900068
2074227408
1458206949
1245517361
999197800
1326915446
596836835
2128494849
2042774079
1569575216
1864463380
2009223648
1153891068
1493514120
809644014
727206014
1058999549
1331561268
1838004560
1700053598
499454670
1287020640
986997311
766018984
286688420
2131343808
2073287669
481008314
1864995840
2060124026
295714159
1400412261
1986867787
1753921108
498445974
838581939
933352907
1095282809
819593141
828643338
517374377
536572873
690383338
1671265446
2030086993
1500027353
250987812
941602894
684104973
2088992372
494172845
1183559643
1228529365
1481170156
1949578628
1515217785
1465030316
1875382649
1996226099
1182542509
1788023027
144456610
435471122
1627407166
1898377718
933917096
318505458
684246977
2029199906
1138098599
1512890316
399090635
1674671472
55790006
2070356081
1557274817
1555817359
173860245
351394063
92438684
115368970
845566908
1275998328
1343898335
179253416
1078093308
711632472
1644283733
805992309
560374923
679342594
446531688
704831533
1114813716
2073938855
455725603
2048730812
244960665
1139972581
1930447070
1383059264
505379249
182054058
910247088
561169255
104926491
320038257
2116986615
278786737
671432320
61941651
394155707
1516999229
1337939979
1738054042
1696252645
268549639
302202866
1193052730
1074541948
862577789
1872395324
1521073637
1567409322
839725392
1447528844
2023134925
740972557
1692489509
1015623858
523935979
928065125
1521003107
705990037
1838312213
2082172363
810916529
10866822
2051675330
1089703266
682299142
2113616981
1483858973
51814723
1304073313
1074429367
1748067369
1572622952
1376632233
793636451
499681253
91726374
518548128
2020754890
1659135696
1358273520
1320800086
1534786973
2099246077
865805947
402927184
475698409
1793871072
1923930291
1181688446
1484699637
1858619006
1992604975
1495566459
1762810688
934824593
30381953
1728944022
271199918
82196677
885533687
1345629285
1830264046
310672991
574777870
476416849
810354244
666504244
994964977
683625486
178156292
205754850
2004425572
1712943266
157517279
722747871
2115870450
633215688
369135295
1892317093
1814904135
1853834932
1603452452
1660025462
1201917743
1218779492
447366408
1232299697
800239866
718566326
1314496374
1685773553
2064195612
997276772
1996446545
491489834
1473693621
659317141
1157994079
321174951
1342942628
1336150371
526929801
1199884552
901609989
684447080
1922632424
869996791
1317662769
144284071
614830237
985083256
1998119004
70799041
497625070
1052553099
1289578533
944991478
137369148
2089818400
1663557805
1451865522
1628108305
1580269769
301658646
1477071202
2071759603
1775352268
2136388344
1082270034
2096527219
1331847324
270936758
475973372
384248228
1172546747
1160420452
159397004
2042543539
330599573
303681076
509890128
1315682829
154316432
580689169
1813307900
1206869531
1870267702
610815730
1344238680
1812602454
126889887
648620554
1293227112
1707159656
950279201
622814666
1631435612
578147821
611719362
566221998
527191392
1943566686
837158756
1003164764
180331267
2009705504
16101568
339728271
1904765395
346701142
643409347
267171875
1662383971
797725779
847861044
1328208223
2004595311
570645098
1939023954
1201350343
235763905
2065913841
1849970897
1528991017
1625589850
652766450
4322035
1109541814
1230914271
616041398
1675763812
1758105663
412124436
365438921
613786779
592455703
227660777
629888348
932183975
2132426172
976589490
1575593322
252114399
491489813
225835454
1099975443
1819698037
82947117
1670620541
1611238343
1284297460
1906384446
1529668536
986784709
1287891815
1007774738
1639551160
1292213851
2117316552
722981783
1908255249
1645596717
333603799
172896037
2011035638
947390578
765351741
91212767
1577278926
1697535716
76155291
406384768
1125645390
328269690
897874582
1351480844
1428245133
570088971
1434427961
951382026
33843666
571241773
710282825
1563512202
1558026483
1998174640
423803293
1050093995
1142904843
393636197
1773075778
903676444
2039232914
2106679577
1076572482
1902784904
906586508
1841924223
1993997671
336381786
1391976291
2070152962
742766555
370138033
250939004
1640641137
1721618878
1679184137
63246460
1008563191
483082516
97090126
1579804965
1193365341
1660602328
990347800
1044056333
2084405621
2040441795
39477529
330558171
1666033925
943153973
222307437
1625229855
2019726455
2125092342
384332715
1714167030
1971606365
720714501
958659673
1894275680
1463481056
1328797707
2145214684
956638545
902932937
1676915174
1019885005
1911496128
12514042
1116975131
1343817445
1205879383
630093812
186681597
102452068
567015785
79639744
141929597
897573956
1745673670
1085083571
1119881394
1223419877
957326378
1097490088
1607752592
524009761
921612805
180983445
1482669434
668404837
1644464502
663983493
666135874
453619399
1566916430
195567400
1473504405
1330928911
208081442
442995888
527262708
1413960825
1073089700
713944306
1516412893
1640105486
793584050
1658342491
390195794
391774072
595942414
1510077188
1615193949
1553268792
460083628
1075462893
2077278553
1381696434
1256446339
1412464340
2050101271
753427193
2076447833
568753497
1207046592
1495880616
764320897
533067349
679325879
972402339
976063238
1206588587
238879516
2049152938
1920532893
1755292410
1541774776
566633296
1266151253
1931970571
958407368
1862093667
1294564111
426117670
1267878811
1754647740
1501580563
1197673717
988860526
610543254
462654409
891478149
1363970447
391618594
1460231647
423533392
1887499210
77068896
956600741
419341441
1049471236
1932663979
1625930029
1288350752
1834333270
1398979274
896159514
1228624398
1965612570
14827119
1013111321
776536291
1876920786
160191785
1202653961
997315950
1914839525
556750876
47506019
756216403
1167294131
510160428
1647694552
383780930
901779022
960442551
807314322
641794585
1037511448
1763915064
1061136026
2086982684
1549095395
539582407
1227849788
1235945017
1938561682
2124009303
317085768
1756690604
2138836422
1330197089
385743247
1868273561
1490388874
1588397208
718105863
1257744751
2145148085
765611882
2013961154
1164958568
1275772310
1514172059
1548739498
30067684
327130962
208570173
671862269
1364642410
1972485237
1732998296
1304141446
1374096984
125097055
384507587
462558354
2063658737
361033242
779644122
1672865694
352386016
2109841211
2058608941
73175929
1452746438
1499522502
791281792
563007541
1497186939
1556893674
429485048
514661859
685182336
1943657107
2063401357
715250021
123304421
124487882
1387112290
1487946832
2096973119
972626938
644604630
1323586456
1097723994
1029112217
1786144810
1013899083
1390145459
418305284
539281129
1742531476
380662847
450406423
1815707405
1833409285
1949928925
459505550
248933179
1299632216
2016399224
678418227
1814294075
554097913
474591686
1730211784
1269347934
597896107
1854699667
508976576
2085842939
1804189138
1481603515
582963922
980291946
431843861
1612076139
618953108
1445742944
854737951
1037258392
1985024074
449785779
1417921240
287946849
118009536
1103846877
90392126
577515086
1352780056
1390024342
446430663
2031198283
1056834769
1000528576
358306321
639562905
122392862
956202429
346778924
631369438
894561720
3484415
2112972953
1477525642
983776361
397333166
942118134
1602729470
1843076111
1796856085
492504214
1680616537
99158216
1910425454
1968563386
217167752
866788684
2058955512
794682839
72085092
1301496206
1241113502
2103283376
210847327
94158430
314106049
850410232
216551292
1270308478
1197189157
847920730
17386551
1200673572
813410036
1494912193
36966285
1210743202
289546679
1639695755
906335665
2086402764
2132199970
439468554
38077332
1895141776
260548292
255245085
614446812
172020156
1049927924
686531905
1473516362
143557778
642331633
1684363689
237716208
956437682
387290274
454267500
79262513
1584479431
1302188230
96649064
637669355
2115598266
1591561257
674635640
1178857821
1881107937
166847748
2085193486
1820027053
151564070
377178393
1858104386
2046705846
637726685
2113349471
513669011
809746842
1015793747
1200200916
135779556
1159351525
1842532549
1820143246
1397067733
651486583
59949872
1851335233
730749096
1644429303
1006039815
827398160
134615010
974154434
271475770
809250650
5528607
5100059
976098398
2090722093
1825127112
1127662468
320416838
1535747850
1026884667
958143524
1501613673
1540553678
1767890366
369923772
593270946
1903669922
1529275297
288319847
1576329520
778859382
939806430
1636279392
482710967
1670555527
1133225047
1488750783
350470039
1267840057
315421569
621945809
2077090708
320950176
627045868
905705458
264188621
304689333
2033367927
584605460
1840437183
912768946
1542748984
1194567209
305838976
1163155702
1564490981
899109922
919341976
946282631
1187429769
348187849
1725142013
2127236199
1984467241
60369333
1650308078
970208641
1549120116
2000778118
90565050
1864541685
475240279
20172110
38008213
1102286148
925877569
302196834
1406975481
811761848
886802294
1099929016
1724530794
282067630
147012577
2030369770
1445223332
1711503559
781996044
217081661
510302542
1969425813
565269510
87960907
1949178364
402253103
148330240
1452002795
1372461744
1697450356
1305297265
1463026795
1414508393
1780537544
1483198905
1452516606
735340044
261592826
1754713441
2142315525
1073354674
494032087
1094760894
650401820
776099718
1241773471
533287942
73839402
805793382
1315283986
290921063
1316095924
1137226151
856190573
1404056832
938920868
1258443677
1552387072
243440015
483421773
1102353781
1548737280
1946448568
369378526
1181791176
1282163826
1821895133
1917131221
1543756652
1429124926
1911963098
469627679
1923157013
859240344
1120029499
551773083
2101013816
1653317442
625612486
759323550
821117780
916533549
2075419475
1958343932
1772724123
1331992659
749781152
883684152
736896083
993221167
1367105925
1839249864
394474799
1166070846
61144743
1576265975
300751024
1883039876
1345913548
1844507676
1164681154
1110392999
166651707
940354519
1969633343
1286681207
1492127603
1923163511
792515001
2117740089
535003414
1613632781
886789990
462939241
1424493065
512030465
1794931900
26790569
1395714617
384344335
1020011736
615336895
76110552
1414486535
1781407741
137255295
843268863
2082158765
2020295171
41698763
1779182793
1037492677
1152091762
1945834501
1977847196
974241458
1085032060
1322491151
749921321
1877547061
1292747592
1284924735
1343696194
32053935
1747863976
620705612
544084400
1395312228
647496181
1939799018
1779656564
1667507918
407652265
1855767116
934510805
41576358
1993022411
1777779668
2123735123
1865833934
1819478432
1755434268
755842963
824086546
1553785121
586206511
1798328004
491333533
1908697663
400765678
221396946
1053961607
1685690413
1565093141
1086015542
1286070742
38315105
1630099943
533899322
685811286
1422415313
166072238
205835556
1830067578
2021839354
1140346362
1871643936
1867378117
770642382
1847895411
1585728403
442637166
1455846031
194087718
1266723713
862147505
780294230
917568069
1353481038
541508245
1318333747
1574877985
1595469852
856540513
992487478
534001747
2142611255
1030802583
16618042
529026929
1716613869
1439033355
695099168
1922449426
1121617285
569454874
915312140
845777573
289349344
1685954522
546189336
1875077747
2128591689
2002035367
2069165466
1247831754
716699224
701976048
17916175
2070180263
1243484293
1336249923
1497574600
691470497
45306788
342578430
1225472244
40434395
1373381013
1242090286
569461324
942511234
533639993
1264560492
717477012
1655257278
1834015367
1632789152
353551203
2123364711
1171260027
899740539
1850958810
1152368068
754292259
1772640628
252716174
1470991483
327133028
270632349
1393688098
1570617321
1606882272
743779050
114604171
1652189060
1086357480
1340076415
1692623455
312254845
434683054
114601132
1254766080
968323047
1379161624
1972243092
476096678
1065693343
1457548597
829647881
1041574406
481324976
1729388421
745049569
1633693044
336197032
370206549
1886409218
1807188515
697339578
9557919
1053392966
120473251
1616440192
1797172016
235077422
1121145604
736045849
1575153838
666285412
1048300694
2009836892
780886544
155583126
830676291
12564520
2127826219
1306772969
1078257864
1437891168
2136420851
2119832270
1919216144
1718325624
717398191
1405425540
2054522656
1087604741
1144351110
1714227523
1784944319
1153909029
620136841
1905417570
622865573
269825210
2140494993
1744011178
1005871059
1568165183
262812942
2054171753
1430518427
1043699486
62271232
113711070
1056264006
42613803
1420484040
2134521870
1480504971
1409421243
2106870493
1252237467
980263219
676785036
510179359
887302227
1764389777
1654530469
454046102
1401850448
660955850
1074182944
1159784371
1283821424
1344008154
1152795716
880348954
202395565
573477251
1143161896
109083670
2003995678
39377734
171354902
2117706748
1095641740
213968705
1390707140
1082679963
1694473676
652644735
1042066808
799227495
1632907954
1718851844
1309406854
372726533
1335757974
816453675
826772636
590124774
1477409526
1900955580
1749909145
613747302
1097480086
755221213
1494096256
1299875651
1328698464
489774504
1408959321
1185210494
529152238
1580314224
1155433595
1624793978
1794282929
398657087
559990293
1341272958
1051301823
1602057101
2140500453
536726129
1173425298
1302423660
909452663
361699624
2118877335
1736225299
951824398
1448803213
1489697231
554249896
2062550515
439693669
1309471109
1409163123
1739569320
490685926
1898937627
1001044993
1675896420
280606217
433875569
683846367
1905400196
80674851
1082503455
317906841
1421947809
2133805278
1919963943
1414964614
523047759
945905593
569904626
1432500422
1307605217
541298314
1021242073
111945967
1990101527
363455656
666195863
1905168395
803149325
1975666973
1166847870
395234997
318869251
918301850
1396279991
1994765671
1198908067
1830155560
531128391
956824615
1910830411
1613631846
1274731457
1185294572
1599953476
1047211752
452775539
2123001235
1993117345
1022680165
1408018010
1153238914
1563978479
281776435
1265184881
1406596359
645232092
1931380745
1164281106
1448381417
1759564070
183645328
1843616415
2078433321
1101947178
1092412758
1925715344
153371598
775084670
309360087
1110196213
538431434
1922991933
237444022
1723726006
1375461761
1284655774
29017897
1350979349
1130289471
1051698063
611513711
136044737
468192894
893290146
1401229619
1874789253
1538522238
1185126716
891586711
839420008
797207138
1075232040
535552775
728156811
29695570
1627965533
506388507
183067168
255566555
815748595
1293263382
793997989
591256880
1530707404
370240348
1966718642
667879531
399258245
1170214343
1798169002
1450956308
1781728054
1934213740
1919149203
527534552
1187959711
1646454808
2066056791
225602779
390557872
757993151
1022809917
1465789912
1293545926
1750966728
1495485482
774027811
109871587
1678552651
1029594366
925620182
824332385
1823592356
1516877063
207556141
46349056
1336112057
875435672
445607301
358842752
526121027
1896563610
2140570806
312851119
1668229165
520621710
1500810830
1167200325
439194853
1726413609
1557758197
1197188004
601739878
876064461
343250282
205222958
224066296
1117278093
315094545
1902618947
2146872460
1240714728
579467684
1822981168
610108143
787023825
1869330224
1946220200
1662459498
167453877
157579304
41096877
2064017487
150666462
353947996
1584763004
671288172
1854758826
604479682
1110483026
1433688787
14754231
160187382
2035428665
890818693
503437665
93167975
1114884989
1620715758
408262520
870020288
1620104570
1648977248
1449487972
1295602090
111601743
89028149
1017448666
2057821943
1751487647
1184902544
67917599
1792584524
1101436383
218584061
2146532520
538715740
889872234
1853807698
1143195422
2000355260
1140012837
1157949653
13058994
1027957854
2048768346
516496659
1121125829
1016169687
2137212418
1529388350
1886189975
1609833340
1030881950
1188194299
757951783
1142483694
1277222449
1775400449
1052821989
881226448
812819345
1120739589
526327325
1914255729
1339323650
525376197
305487821
81712236
231700248
1448683243
2082067496
1371713085
459149248
2095126491
252187292
360433947
464139502
1373313121
1376603634
453868272
755217823
1115309962
2063701613
1786099774
156020613
674169748
781099820
1433243062
302086549
1833921809
166985863
1114905895
807177750
693313188
881677976
2146501401
1218689385
1187165797
80729989
1450389633
488365392
15313838
674619071
947514640
2110440329
926806363
1307948587
427096183
152635836
537068574
880964456
907853660
1652378536
797182421
546469786
1808399149
1471352169
1327569606
1094158564
1773438718
1014007767
1261144427
740860965
1821185518
1954457615
1622538941
1820203271
1025663352
662221090
1900933260
328569338
1150586482
1916247098
1003188409
2098101123
1879203779
1929994772
1258566062
158816315
2082630608
1795634636
1039780771
843000620
1300529524
1836963192
1389470406
961445026
1160831713
569556364
2055603590
786786783
1583564132
1169264369
1527647749
1257266002
976238336
1002703042
929985625
2001901688
1664924133
683435237
182987378
668026967
452198688
1186175787
618644442
183918819
968686911
1877210505
342735134
903833872
1525361493
1382515905
1746834492
678407370
1071995449
988821251
1639852396
85343514
1558377615
1547972338
872130298
994458099
569753059
252294399
104240453
1545991395
1254997441
1034226078
1400409435
772437926
1717661316
1583396814
1440464894
22376356
622088953
2059109336
206295175
1590775865
1788836193
549030310
347126089
1166714039
1931546215
2093960581
1845121409
856058017
935298184
1337490157
941401531
346192152
737978847
1813531829
1340650251
1307731906
2065826228
1444890705
706239653
1173340022
331633135
2106649088
1945777948
2049294451
1542562254
1238759194
2071670807
17167560
1150384883
130482335
1607943425
791737428
679512645
1955069514
1958451467
463575212
1901546447
1656089228
1319633229
689360984
846095737
113551113
1035553136
1584074584
1927082942
228719739
744322842
1845425523
1673610444
1450562495
871281897
2005243580
1409727936
669576197
1907054383
804806542
1908335392
1831241543
821974102
911236627
1961723878
282433879
1702974055
493752875
90019745
1513941875
957328087
1991566193
1022547455
129477669
533443529
1868643193
243028782
1568996665
1305234129
22628076
1797716404
2049556972
1868053599
1323843201
1352635819
591851848
1181603133
614880107
1261428046
941173868
1419686650
1022279790
624931763
94177104
1933516417
439171993
376610984
1489006824
932924868
466630729
855465051
1890252956
310713274
1878012507
2019730625
844156803
1599172052
115275759
265669820
756922533
137903835
2063386225
658995857
2005957435
1239745778
2011631677
450325635
273865263
479028136
1711753681
1215039131
1898714786
586549823
1839970895
1992891891
372582592
131659240
222019227
1861589417
1064584109
688649956
569570820
807353417
999363231
300099679
679600394
1843520034
1899271731
794876153
2109189855
508710617
932779988
2025092432
1167706474
791253775
1117354562
1031854503
1241579411
1391219825
1510882640
805849444
458775308
1262113778
1392399268
151262555
1107522021
1764981860
282921796
1329541248
1479087629
1347505905
2018191205
2048658450
7375674
870070788
201274481
686976068
566107174
2100546213
1481852221
527813381
461773182
267148561
405422165
1629479656
1058402337
1522776727
513850512
152498100
766512904
2024733152
958347544
1225288213
1139363282
203263164
1376550768
99401656
1968245025
1659472564
1428942904
1299849006
859494821
1299650461
1201023808
866870495
22237601
1402298290
1553846563
588344776
1355360855
888215136
1116158157
1817134037
1155363698
1521580323
1299130045
66282387
896873402
1812980557
218780487
1663386307
1690230061
1177128031
741190872
682109696
1380391196
2117741640
781511352
1201152573
1629730557
62970608
353517931
341741730
1362621070
1554541740
1208612226
1384858671
809356382
614975141
1973203447
17233589
1503190278
941877957
1834367626
511070328
315974632
986014023
577352715
1212848034
651510933
796133202
728750693
194257346
1973261233
1469941565
876367042
1206168781
1440199558
1657878394
259837706
922446467
1720849003
613355638
1264188197
935986425
20413730
325316775
173361448
829770112
940291917
2146564896
847003701
295998547
940959205
533887679
807068875
1256933837
1519901702
1384421590
322298223
23928987
33071144
1051048917
218186334
2006332377
373506834
1094553376
1065017511
1813706392
604948123
1324855217
588669211
178313478
1938210855
1852857409
1114299903
1958624585
30690536
1287661351
640911049
970982453
1286742599
1487914750
1266981000
80218156
2021802429
2074049875
1337151993
1394220484
1310987817
1659450217
1418149471
1344058961
563015486
1636335805
1202907691
936522320
583405534
120441554
602745065
1188353657
1445296771
1191414276
1366667135
1236023979
896788037
333483390
1047164916
927478574
1621144741
1688075966
1898461027
760403693
1028507068
1017958380
840621849
902825850
944524607
30290195
149562686
108028777
1689740412
1567712157
1452087738
105272250
1056564315
507511781
1041794570
1639969849
627953335
1644539635
680839858
2073250107
688470264
2047506993
1161790438
1585258301
233506735
61471706
365253227
1854651476
1749547672
116230607
467571521
630571093
1134188987
1308193371
1533396943
2078713594
1338483566
1682959629
39258723
880740330
1103188138
1491346462
986012580
12268805
1998858243
2027807150
1652238654
479327931
1524863138
185594864
405094390
65849754
85618209
1566884828
1651108055
319124944
1628356534
2016361283
26292773
1230420559
2132591890
493864294
1860991652
1119297229
1802057665
1246904947
1050527175
993057583
782380928
1089785899
1873797913
1885569066
433648713
712326845
1897837872
285023308
592650348
1402592878
764351239
2117513486
1588187743
1169445629
35879592
1673805952
588846809
1686987647
1992930897
69719696
1555865282
2019223670
1300140255
1540973524
365604316
1013648259
512787105
20178334
113069558
1563314281
1013235917
895450486
505616532
739550183
633535904
939265245
1451877028
383890128
1224288553
2044527376
1786483007
1988639793
2014557214
1227187102
1010601774
2050436806
753509406
1599448584
1589940806
598956655
1669168280
998322440
470696677
821824887
391812317
836300994
1835473146
904599422
856479328
1948542704
320430055
1869715245
696509542
826046587
461781780
1330045446
1765311832
1913658809
1713935575
842116738
1810702537
1352934934
683272883
1677776104
432638388
1693874657
1580729262
1186147794
1145839593
1023186420
1785104450
667524225
2021508861
108317479
1489349112
265837530
944618473
1177338610
1170436952
1801097801
978397666
1490867008
1523329399
1674907208
169429947
1985111179
857469007
1934741780
1751286340
423920934
629374870
1414505230
1776855868
1312647753
944797686
62010608
859038762
378043300
1248158402
2004878356
1401229721
885779204
524918933
1275254934
994096684
2014268046
1541092464
1938715157
1044123008
564045768
1592329311
2022520675
2054912776
968175062
1549944235
76859076
805802593
259929594
2011600856
409605286
683850528
493492078
1824110516
313222748
1806139831
621424554
375233356
517694945
999467854
1623391759
375089653
253213927
361687315
900008587
1528468861
1355783999
766792985
922077677
1147015509
1810915993
1486123446
591861172
1685953020
1393552574
1560036234
1088413608
1470411650
218355179
1348343202
1334528858
627960465
2032193731
1828020936
304587333
197932831
1486677119
926011887
573166188
2004372065
1925479742
49074299
231978070
31210021
410761614
1131986657
1559678883
1766545614
1898779642
334272912
766077475
1562211988
1820396358
1357938647
1100681360
1066465285
770491233
41611320
389393287
988846412
1389954523
1723922146
1616806878
1274664606
1404459434
1921394211
1472597437
743652906
699922451
2045763625
600541323
477918545
2094837924
832519393
509128566
358115891
1964506051
2068807449
2124661505
1715802045
255596714
743255332
1130530385
2075993072
2101193979
83728098
994974709
724201564
125339418
1384367997
1713047976
1515293941
960806495
1182371206
642474899
217782281
956281770
2115072337
961435187
1656204221
2013352314
1561976510
2134122766
1960706591
247012256
495767684
171338834
64034659
417091486
148516691
1779836704
672688200
891772023
762883442
601197624
845482354
846611540
1596172334
1569683918
971950958
833056683
1135248246
339761252
1793863178
170135805
982236151
2011645459
1126417575
949824840
825596999
635138148
815693507
240089861
621777266
628916450
487102117
1117544950
800255284
551136776
1534636436
948771975
183489833
59840988
1840543998
946373275
661038613
538542704
1792984815
109727299
2108226622
617452125
942783982
1095991220
957213377
589163512
1266127025
1939449529
453325323
245060952
741790721
1278922322
880199100
1557484228
1519012184
1501976366
38917030
2006114301
472037669
839172314
409767430
2006674105
1787944289
593257263
2066515094
1481004639
1539630538
580070059
2019547343
1185131705
689797358
1980290317
1802583830
1632581340
928797890
612313560
74261204
47441267
404279441
527586527
292502220
1146070162
1806508850
1172701320
556070743
1178037386
527194039
594987773
1036668039
999231708
1434160088
1446435469
858422165
1074620729
2039692732
777453611
408141721
1431839622
1357523670
280205416
469487679
2047321028
113012086
124587862
1532418720
1041809976
736901422
1606679924
1089251243
1141180863
2134266452
1381753463
139767377
1793291654
406971136
695838120
823845392
934165175
1290825894
1860513431
1933396883
577502334
1159465253
644335400
1652123063
1051674337
1421789012
2060264784
336030312
631829034
192986553
805517991
531666415
305998639
930105853
2064085135
1347808615
1667007275
1523281412
289576210
660704490
1510064216
1671329674
800471868
1155872222
2078300810
1496309988
1979717614
864982337
639652234
1692747397
650895572
1217154568
704729002
1295230972
721793984
1756403340
569536336
634575120
2092433652
1201365371
827561673
750467995
1733031786
1133560312
1680573849
1649633273
333885279
1200097476
1025431037
623461490
1860801967
388011605
147307516
513790187
1543883827
78124678
2010100175
1376117793
943107015
502268762
921381543
1594002587
1719423330
1626110545
741749911
293733666
1235030237
1311286248
928308787
1179980241
365167971
1755870460
1930448237
2098199757
741947125
1463538438
1600349382
1075832404
516152266
478296772
1699293894
229470585
866308377
1846601410
743260772
262708557
1924726088
605877300
1638826350
720349455
1108146062
412724245
166868394
680085744
2038834791
908618306
973819411
1126381380
72420906
1902128198
158877974
437588877
1510515010
2089326211
388304986
104978487
1405381001
1988654368
1180810892
1921533267
319467492
732621138
3520205
1185775870
431738901
746780977
1448484427
208981341
1352658277
939827129
929330797
313320691
1352551375
1096199191
993406436
1243902518
2004817497
1967225847
222800250
2077238403
1721870397
381678224
367343632
1084901759
323520787
755648618
1189880247
1728901788
596819339
223207491
1502951408
916286831
955828629
1506471613
2102062701
1387567530
105768942
1403063480
1596548872
1458427220
195406962
378396021
1771747911
1547958337
1474595212
617670699
644377207
1331929062
437412898
867177457
1261683817
11799647
1248855682
1629027450
1096701407
1572376469
237192420
139098006
1153794610
834011759
362305497
509262370
1750298591
1318134126
2015733983
1704877644
558218009
2121502925
960457477
7283233
1432446497
1155864439
385679254
1056710761
556339128
1860274466
1674381460
1200716335
1044719880
2111794359
2067893792
158920050
2123594006
1169265826
1787947500
1072811765
594158648
2025139920
1211909771
1747953258
711668032
1574215268
109731980
314482975
744865747
2125465963
2019360619
1303083756
2099485240
832334448
1310366989
1384448090
1988198887
1696046243
293675203
397054367
1408837061
1968056663
1597770702
306073294
1932367374
1518180847
464993344
1908477733
539963025
105457196
833805850
1134121673
2130597116
2045715622
734591283
694781500
1472447242
844323263
1009264475
69829341
822305578
881141447
1372913097
774307171
1713475895
535796438
11271613
1554191135
84359033
304946816
1951245502
1493196095
125519831
1401532557
1799269389
2057887206
772229756
116779085
1818881291
1312192781
222236281
505203493
298830807
205349749
403435467
1033422090
900131250
1875882710
1877745354
1909395725
1945712051
552567284
643053524
1171141501
1326874455
209045772
1706937939
1338146068
1763236907
1791296973
1643092884
1566998761
1137009420
1768612716
821047670
788795161
1679016274
1593277426
905574246
1350413917
757986560
1127810527
1855617410
1056817367
1333160276
111569230
2090239457
85807878
1987451940
1820501163
1995203604
1785680343
225584800
490773480
809338196
1552459255
699819252
368792488
743121676
315572511
12605813
238730912
1882571273
1149615233
2007343628
556135295
1938410394
1538876254
1929074
696500992
741806523
759915634
1824311519
449940286
1816733001
1009988147
561509516
1759488810
1095796026
401477808
1432506326
943515982
39674503
1658091126
1434289462
849012700
1063066733
2134108715
1217805188
1806188409
302197578
1230411001
2044919322
37285203
232542586
1904779302
593420499
23469332
1296171909
595349573
719970324
2037978432
1355265207
396798195
340435070
1024514560
1406786342
901944586
636519722
355098720
1303422394
2069026048
1298614702
1343096898
1579633526
585420517
44625950
495216612
572045584
1262431138
153921373
874243162
345358491
51357047
911528366
577901077
1956136350
1504948865
601370409
1104824611
2100298438
1321340733
995319395
1308079997
1718138928
1335754466
185110909
977441622
90215404
821630631
1332540343
1393637799
743173032
483671397
589251049
175322910
1069091914
633876999
670539522
1641137498
1896308137
824460896
367897013
94182980
875817943
1279425379
672084057
684470645
636890596
1273454466
1789295256
589705386
447311551
637131004
1897785383
17966831
1972885470
2082896292
995408453
2063100874
757043275
180465148
1309255025
1500216307
664136546
1898506074
1675539218
1733228460
384899425
198595092
1226882311
133723914
1023055988
1594779324
227906894
1898873932
726721055
899990951
435860929
1363611651
25961769
77672538
1953317037
473273320
714803542
1703618772
491240151
540205364
1639031416
1486648605
455822590
248591043
1667113753
1765077616
1748807351
183766651
1516100042
1276862921
1916995112
1900999468
1475458013
996393775
2034723382
351030354
443689451
115146629
102420638
1170410506
1015137580
538281567
386538509
1041099350
615954105
192371898
1514372670
1330757647
1895990670
2005612822
1870963011
1387538438
1344777779
179301954
1636129481
864407884
1944379570
1237453184
1048174536
1312995964
366832457
817686000
1066511784
1842290471
1814079775
953751519
45837177
110285578
1068898148
148257815
1280696084
2084035728
686539382
1667234593
977651430
1302493488
1859606491
344540453
485767487
1608113513
202669627
209246851
848168303
1547447406
388548805
336814136
264371642
185444727
1574267321
1312546178
1498440691
1941099778
2130232178
417468828
1635906601
1796828305
1371220347
1681743778
1907113883
292634847
1830001593
1040326319
229186927
369057328
560077264
1206838358
1671550816
272200107
1551378811
9834655
1880313620
1754048438
219081506
580998275
1154012196
607630311
917812412
1418383838
793075038
344596085
583446369
144032082
138212215
566194899
561500910
1774118817
215539557
1932721257
1308378947
2122653440
77872456
990896893
1015496112
307059383
1359954221
1575573376
1513897741
884021389
1847773484
917792904
893856044
1580603456
524357694
1112937551
14118084
1678369890
1720567862
931930496
949270081
366159253
1276526581
1532716450
510191335
1414738796
2098911349
1071692245
1041373965
166967258
856929854
202269265
142137051
934802310
1193166158
1157633163
1241861693
405636731
585722891
608275787
1289658120
286012727
1526068691
36030516
1866616184
2050426386
1148968067
1880734268
1581312628
722052282
665181116
383099061
1088211535
1941707697
1915815511
1598402870
1208962845
1867243213
522611467
102853163
2034210471
1379541321
305122428
28863874
166859983
1498288586
1186497037
1408721676
1903925317
1772219929
2016997463
1046099789
2058232656
1395582507
1082130305
1777365192
1298525245
83614725
1510615812
732354225
805667007
28313280
1115453287
1893878542
1970020977
883785150
1344797764
1031500175
603544715
1867409231
1134353338
490271539
1099466904
1439475766
519135413
1266326887
790280704
1705632451
527564915
546722373
1330368732
397078731
1592822162
1241117740
1792661238
527468819
870999285
943702835
611083544
234131449
1676057060
1416750551
262444730
644026699
1163145445
84982059
1527811850
360459561
1116482234
2131356565
80385144
103351924
474144456
1179852048
1542827690
993279870
298695287
185624746
551428673
826260203
732347119
1881797405
1223338934
177685633
975431497
868516524
705154453
1846430782
1812219359
1316237997
2080562232
1340792771
585504901
195523314
1984819471
1748650346
280505373
1365147673
2109109908
1396987608
1349020590
42011404
1500339532
1823165047
1221863453
895683575
668961269
1520558740
1081308321
1220389942
199335295
1813655441
954703699
1422674229
1991341074
1930135196
143707105
549011879
1629082331
1955926464
1865249877
1562160915
1149235588
303271130
1757684229
986571411
2051921476
2038189602
204235436
2013547736
1287693562
1553256026
2055559141
640549447
1228937425
1129938946
1536233022
1897898694
503014038
470057695
970804988
702349334
136229488
1925508687
2125023563
2127570563
1708160236
121247021
529098794
1189758919
2077173485
246865023
604436186
1078925425
550136153
214636767
2065496836
454573982
105342721
122248624
320638070
1393036284
1675504651
228713563
2033585731
756958428
1358652509
1422335105
507373475
1861666548
1892392800
1478178463
416532234
2028622289
1256203503
394072149
2008709204
816880091
515319170
390324350
2006639010
445009008
637189374
463591548
1523934433
1187325527
678228315
1441947622
1641899509
783571036
1564196246
1962537580
29123672
1092217249
43767495
2062709403
1849175678
1402420005
1337560860
209065505
1116602905
1082470013
1687243968
1533135139
963608654
795963823
1927207288
824834210
1612843914
295042811
1215158560
1471999276
740051819
1852347934
1935590824
116502604
892189814
466335491
1558450226
386605675
1249906528
975162825
201659607
1279030200
2067380074
245427103
1194255956
1769072104
1647847108
384333168
1978137609
616966365
1466803181
1517897930
2617856
282928187
166378105
1929825144
1107762397
1779222020
77384307
175437310
1103737648
817436126
2027785244
891844825
933938731
772491410
1358180316
344905309
1159097086
460603196
1320068134
1360756693
1739633397
1239964561
1606183796
786405705
861553017
1106547256
1170738873
692206979
1723513621
490058407
62621261
1726131477
772986594
228999366
1508472974
1880748992
2008221386
1585857281
2056186302
964475387
255809760
1936487898
1856320212
1189748491
561495661
1067016880
1534653800
1720592747
1527620077
707238287
933865792
1119769826
1947202848
392565941
1906175531
661272217
1499113197
929430756
1353479196
1075143171
1419489163
1416100457
653791000
44992110
1645099824
14780326
1925741102
1505837562
1600637608
1834443756
322829301
1856447368
1623448006
31665865
898712211
37460019
1098682746
285882363
1758052766
478819175
993120650
544434911
1598589001
792839850
937000852
1357280884
1454112068
288630401
139227992
660107616
1363773572
1558717156
2076208074
2017564573
1603709266
1573824250
2032344899
1381966720
932178164
1485498859
1068926828
1255007466
1194462579
544891186
1286673331
2093174790
582351206
237872429
231573506
192920324
716691604
1224694156
737355235
167796957
2017534007
1674356087
1525077841
1324162427
1962986489
1664305834
1984270043
1179276413
1075539342
1912994469
1049357338
531764960
1339335071
934218590
1913731680
124029588
272233801
835174860
1379037054
1466696381
1380066046
518226737
1412387523
1962417252
756099167
1643961029
7853929
1472790771
721171538
745209164
1640587729
591221897
272081604
1018181922
1915384324
87584445
535004108
1752170719
1266860858
1610543450
1517681541
168734549
2142308410
709532964
1102953139
1908556442
833562552
1375186940
596247654
65115958
694399673
1976313701
583342696
2106787197
1791247305
1339441863
1603264578
1799101234
664748986
176952468
396826751
157853067
768174365
668908355
1176034990
536075041
756492800
1711039098
140762113
2023353658
1174098901
1658443654
44604559
1168923663
220492970
1147557698
929996458
1054055523
375260991
1526244112
1119171481
1069660664
1355074165
1702514177
1028964213
998837823
894472392
484745144
650455409
1559221379
661697612
1047282160
1717074446
1429871978
1716190515
745625788
1965947019
325199667
309181239
2106709132
201069678
1483280140
1617669138
245674237
504720155
1838162109
1393231936
1434716613
744733984
1768492927
813477078
1863905465
690669943
21067595
1418935995
1719634157
1019905418
165924739
56895653
1670360828
1725146118
718593265
570159340
1294736917
981595
138866208
2040362705
1966928615
464065875
202060296
1926154099
665135553
1685340436
1396339590
910809791
42576944
1087018051
156558079
1477293557
1831752035
1925051006
143286987
1548173852
468237301
164354583
819626199
40387810
1184260001
985550939
97283463
707137181
563213409
815876729
1277296522
1857950326
816858324
1416162730
1750829384
636303291
1880228605
1952889680
414973743
397880511
1490746469
1811313333
1308690302
1533323413
750847736
1465248381
863133322
435116123
1242815739
1006420310
1983289975
1711053040
1170774893
655432527
1751440851
207551246
1640983466
1848724314
914688428
56713227
517117395
44501302
1914663554
1333975720
1460664032
1518009290
1970279011
1193408989
1323415322
237769106
1591289500
666678143
2049082439
752496154
52517908
652446527
70260887
915651231
1087562650
1313076626
1922071541
923368978
876646019
945362786
1578801505
480603222
1152914032
1072301323
181843888
2067602460
1129014550
698961284
2112103762
896194456
2032937004
1425284146
266720098
1855732367
471209488
1590135421
2093501474
2062498988
109329916
1995100265
667511495
161847825
500063145
737772382
1077499056
1587625795
2050849009
852086949
363511125
780011380
1797449735
1942312630
1260614602
802880119
867130305
1442458490
722998932
1996144856
2141419774
687619046
744855664
2026873130
2112903193
1011575763
1735121850
436629033
454227536
1681139676
351644373
563557452
1528756293
1019155868
725405277
2028819438
1756928251
1802904333
1468961586
1660293612
507507634
1832472711
292821344
157473721
1627301694
1553435946
960353841
346948351
848410788
1683352773
195609559
842346915
223488171
940465224
721736397
188907716
1952040987
309374599
625536749
258784875
1990514275
977181123
822342327
1371786921
1996336991
1547747605
1253122711
1605781594
1203168290
574600649
1118591558
1710675925
259589713
1411412902
1868149646
1886891407
817365200
681019839
86356110
1665775989
216888964
281965670
360639256
440377136
1222430894
1082375653
629284852
1026988233
1391750253
1254821602
1285773108
1234780880
84519077
2108115435
459084153
2080856068
1508379392
1712206865
1539154015
564064035
139323866
510261925
127256312
398913579
1921674828
1995405958
138321338
591556380
528942150
224677449
109848721
745831114
506643119
470487977
1186208250
1729074013
1552863631
1815493103
608578598
797130236
922831057
1894351706
2031911116
1007350134
1854983493
343511622
940722554
1215879238
2055718487
332392921
1779943273
47558705
842654847
1907199585
446472285
616846027
1755121895
584793623
1208402407
136580397
809471072
1318251129
882411512
1316114191
1788739106
2068619762
897704556
1194119089
1736629217
1506283154
1991249325
511976626
1253151212
1875676794
1519326760
960651058
71704768
312565667
29046648
2127423255
644958588
1808989921
27498312
1487613435
1568705858
473970597
2104459462
1176344105
1058764221
1165378222
1312924503
1868235293
336145703
47852367
1036865837
2124884809
2116472129
1934570393
1171520251
1705617699
1293369900
1015285928
70110677
399037464
743479074
1589437438
1359688522
815183842
1902003105
1388735170
795123449
399478045
1050241443
822621762
1887091481
471463653
1296592359
1844067295
1647807759
207872932
861961869
813248614
2076108226
1198107572
861100981
965490415
1175508734
830089462
752577160
199545337
388223513
2045947060
1214831265
458334191
297500877
1958310340
2047771629
1657189399
626010534
1802291086
898440922
1421133984
54285483
1948682365
96272098
1941376964
272662371
1392864457
1637960612
1920470130
1600737390
352438833
586235096
1529361968
1550546406
1447336077
347368735
578571492
129941891
1099945895
778116829
518165405
998409308
1992948094
976499596
1295910185
1803774786
876787577
805615936
282301673
531595015
1704056858
1703435657
585880498
1505255576
1799707755
379773815
1777917947
1045088564
2017734427
1550904429
498342306
222689612
2137139525
2027704274
1773236018
1436991954
227589361
204323862
1566933845
1327535257
982440691
2085099250
178460917
827905138
914115198
1474371102
484196276
1790902775
132503390
766497949
175014142
1836560249
322449958
760894641
1194332177
2122157713
1140668456
824766476
1019762630
1010919235
228187257
1518104936
1233608847
217843134
1398325563
859361218
1654835088
1625914924
1063685080
1074285285
805966533
2046125772
1011900888
984427450
726547262
1926016086
311314904
1210743538
1569435214
443818295
1977241488
1744449356
132894896
152207798
357860349
1327227073
126881864
1498528805
4509901
1146644494
361964392
232697158
517265782
1595573240
450540292
1915591345
307450810
2105375380
1394022622
1371135890
1032177017
52505507
1269778014
2044077905
1036932958
1996325276
1822610344
1348247862
1059585167
1244561910
1792066157
889343007
841527618
1924961053
1041550805
1199387968
1104704478
1168432669
550433125
1109214379
167593515
912397518
1341911537
684859298
360487110
1792451829
452966995
667937920
1750343561
1846989617
2039073810
635036931
1899495125
1161368177
531631188
788944435
1010209805
206757884
2137192297
2069794972
1451319794
1781774807
811654331
145363765
1559252212
1853205137
1344751733
516473043
874154158
1895184858
1625687422
1041747674
660098728
820115312
1726606972
1020585838
465083493
32090319
1688523758
67943407
1879079937
1580113921
702980338
1631091414
593998450
1234611526
272552201
1604208255
1441369411
262260850
1526519580
745205557
2044035657
190690263
890569322
1455804222
2043895400
87837407
1972277265
770565911
1983022266
1450481039
1812313585
495637346
123112703
1391436909
1516223185
588196197
1423527228
1057263295
656139604
1155123517
489893568
1359119942
638731283
1083892018
446247820
911283484
540616626
1887617231
1173544335
2067136206
485339141
1070096344
110342821
1375908463
378416918
6754574
1463745871
203210535
777320485
1299284489
1653691575
442150422
1794921835
1776804278
1833587331
1163661372
217516827
1109630911
73441020
873656431
117270781
563334588
85292725
756002064
1647226607
531540546
1667285549
40359585
271674129
693346236
2107495791
757013270
1763442580
70354964
2132921734
2141859499
77109538
1449183957
197586386
854430023
600984798
1851277961
1296580445
248422985
1480598592
982684128
1412084358
1698115419
2092315040
1485525378
424288203
62102173
2048859966
509580928
818104237
1548602925
1041121474
337906138
1588962510
1312795604
1031252374
1548974653
2069808874
647211307
1619329618
2055246960
641587158
1696439156
1356947269
839173544
403385532
1957932067
542967858
1699965977
58871405
2023566450
535166458
1470955763
1574198221
479997850
808997493
1998486424
542100023
710373811
360583705
1360204260
111493089
1401705179
1698110399
1700455599
567017135
581879125
1101946605
489342362
1229090432
573792575
397105674
1870677590
122748083
1754052944
562367487
526133615
1564501363
1105335345
78615945
1623372768
981418147
613782403
946844883
408132720
1093780253
1755842376
259135497
1635880276
318732540
619719202
848600888
430225629
2021424381
399227639
2130681228
440957869
981106765
1085144185
930300231
62713549
1658936760
1327405905
1933391140
1781684844
933975201
348274979
160334811
350992917
1453610324
238950756
1974365685
287544823
852733159
773726921
695677543
1946513412
382085649
954813040
1434910040
700818189
1574532242
136027281
1131043818
1448472976
535254920
1114241399
1889430845
1516361685
51901936
672247428
1579075235
1710838697
1999653333
1364982727
1345039893
786144887
1713257706
1505374704
1137137804
1019384382
1744325461
964019841
1306929205
449574972
1737746762
2002606748
248604737
2119832412
809936141
1683514777
673166953
236984735
1819542058
1804210772
1685457711
207313331
770968523
1427404908
1723675016
822870459
2099652336
1155266603
386225508
1951822022
372765682
1731265401
590483261
2086023388
1089156458
1727621065
957924122
685998271
544157258
117369679
1135573243
134420373
2119976428
1384177980
106769137
782428921
920209110
779936090
1019413656
592267520
436663214
557387720
799580851
1207631737
1984792628
375772220
2030502197
1936961317
1531038823
269244057
1741299691
1903804506
2000509459
184299304
1842344246
942182269
1911920369
652784721
1628180540
308593979
770154400
616270135
443014352
742647180
2000448116
549783489
1525076101
773173578
1329719580
397006110
1365441098
1766382794
954393830
17538302
826530884
791702810
393310522
709549433
581180479
1924349345
978793490
174996522
1680670203
831819301
359295826
1375530802
1774001570
123732547
2028315523
1254698462
432326527
650986275
1870968598
875340879
1393633456
1723933066
1425124369
771225909
349622996
607360301
1168232019
1715064094
226259447
2122625849
1732602396
1052790331
766845012
2125912918
1762339764
1348025491
1902778616
593649607
1523022014
1435965171
1425468908
1882317840
664012325
1051986831
2006050388
544844200
159201645
290893267
1195830476
2030170243
1166234146
441980284
1606619661
443874867
1213206193
1956242657
1051235168
233954565
1523823104
1277494616
209096766
1108941852
182801299
975941778
1087371123
1945141064
176483622
842666091
391307023
1699505636
131147614
1816775931
1434339828
795159940
721279114
1292906568
1340004140
880480760
1583799835
388350968
763167355
602550334
830331252
222303369
1046425201
2043537446
31062378
2097660370
130008363
1554885482
1227671338
339105129
516343687
1410472637
1315046908
1603714810
1208130053
1491530530
298897253
1599437076
1043552518
430044867
1268729360
330408698
1225204807
1990008474
1623315267
417725300
723005586
1059631454
806076268
1486172942
1662181788
1636407521
1708476311
561123342
1532461319
1739538689
511300064
1662469682
1146940524
1738971402
2001574811
1663284211
1001960391
1169138071
1119515373
62606797
513184953
1418412626
1662043873
1556737471
1848457493
783289585
1887146170
926178653
625814412
1362977789
1343903953
1348819998
275125595
2496573
687509292
1937307384
1638904094
248501955
350947078
1023881765
1988040645
862247142
538867799
987497521
453734896
392958963
503298084
1455695287
1562097034
1622813457
1518302084
2075281988
893742435
1032862310
1484535811
594716280
1816151895
1224198333
1520894933
294482659
439692474
717315238
1643302658
714818070
719811812
183328302
504641806
211232258
431830258
855588884
1235114024
272387255
1717836026
1773981823
1259884776
24087274
19457138
1763182860
1479782561
1581554173
1238512669
850600998
1509352513
2132255104
1883463308
846404676
579487736
1552131555
2070603010
2100382670
1846614215
362811836
670214260
1342433225
1077629906
1390026072
1525761527
1582271712
1601258331
1957591785
290376948
688888707
82495392
2008212974
315386882
1342380168
2032300248
334844021
958079380
1364599162
1916398194
49108401
67716512
1278267059
33879857
1951179820
2124671735
613367594
1355827727
2047791097
566266616
1054958294
263119286
1236480876
249907871
1340749192
479023301
1775669399
775537257
2080281632
1585777536
1065914205
621686691
1668272929
926643532
937073573
863169449
811460132
1271917594
1821248830
28575646
1040832140
1870357231
96292158
171615551
1904237089
2047471978
148803639
370121035
1255816058
49111088
936387651
163290704
312230374
25384879
413198576
1652979567
504408180
41384327
281033176
437206164
1627161863
1346947381
1058892855
1147951144
126107265
1995966429
2011120594
937567398
1120400375
1684885776
966143044
13748868
1407759359
1062435203
185364419
1164512800
962423533
334168058
1534633835
70755943
383279147
323537838
234046648
695509521
348922718
647245224
201005440
853330898
688629551
482038616
1290537063
168307766
1828985998
201946270
1316258911
1955093263
50429051
1179895857
745177013
1170829427
717297985
1711320058
1184578295
2125057344
626271613
1369942714
1142086497
1588695146
1704110773
529236684
1659451090
2087389920
852774523
1893497738
635415793
1201697241
393259314
836421234
2055028139
1081888865
1318459850
1198081554
1250196631
999962200
1400027825
418971894
807571816
1450456876
1598867751
1552748829
473802655
168682088
1116585239
1658380950
146255785
1742856852
880840017
1288342282
1184068351
437467142
1817578966
696035793
377373414
522869841
442049883
1012789207
1724567082
835309197
1849210441
1632111574
1917198062
1020186644
682709480
1019911045
2020148844
2082737305
1438882940
680237012
1385710534
890267043
85502194
1859513189
1058949132
1202087433
1370410492
1205204917
797460638
103766861
346063551
1981528989
541234003
16158869
530081134
918607417
539028711
972131017
1931396624
116112145
1807440214
1633123418
1748223719
1577154628
505826414
283449552
449582025
378491610
218703209
1888464965
1058728623
1604413743
631248361
1144230817
1316443285
1690197493
198834602
539370129
747918762
996295240
643136990
1093982313
830340581
1184370993
1110141182
1360421715
2102978410
1649169893
185069084
1886891386
1765282039
1992509298
1372531156
1366022110
1422180278
1878357570
1649471662
1871762304
109365533
1868174872
1612743621
1168094156
1325104967
96508334
164841325
494064604
1786705827
363675927
1033434733
387140941
1359971168
1676571723
1481123254
42828101
713459068
443780789
1403249817
668953830
2092950682
1588318901
408361569
1710749073
1433344552
1780892725
929287536
708041182
1511766648
431275550
432319838
1621132181
151966774
2045063460
641742689
1477071742
2141571794
806584014
1971136346
1780793974
1170259941
857087432
20451267
382747461
386175507
1501574522
425575563
1099634576
1945355311
1828825380
1768588406
1890822345
1269660633
29466327
1454087771
555521537
1810359053
235891659
1263562720
1174642053
667167209
1695882558
648290586
819133984
1593462370
1290033275
148722078
1587550517
2096617289
2119858424
1220860843
1119393582
829462208
1241312110
1502141044
1215637716
595402984
1927716607
167788644
393274647
1609058339
1936377050
136613345
731235324
1965843378
1590701116
1286756862
1628718783
1826592775
402835934
655877188
346276336
2098718492
1304167774
1165410320
1544697215
446717401
1314132398
984764084
395851042
1286507175
58141279
1515244624
2115969383
1299453389
869902020
1184123451
1894856374
650134979
1351912095
140647373
111709670
1140805498
277260718
842944995
959165228
1867961834
2129701857
440400363
1547070961
385054143
1096277551
1893347298
336288987
252961677
911273970
1880986202
699679078
77922721
718266638
1095530120
1364429896
776407917
463291096
1332915631
2075861307
1333193117
369555435
1823234033
1983328096
1721467530
1963881406
2095037767
714789380
93658477
790499114
1673954608
1961620311
772717323
2114354971
1361207625
1157771466
1063148874
1107071275
1494060453
1316110551
2018345245
1227563008
2015789629
2096267966
1945829646
963836101
1313214214
574753916
1427127198
498646198
503131575
612836667
868201633
178881960
448681115
442185515
2142763366
396235234
1156974896
88938195
1186734348
683445856
2050558507
1959451671
650317180
1264282484
969739489
1713466054
223870111
316316295
882092958
94731708
1543879303
750398939
43516027
1342225301
1714235041
1356730241
1916979217
993878591
1855376439
272627144
1606715258
576094424
451509104
2055396373
1018279940
446788823
304147960
27771188
535727018
1490882308
711217044
438801877
1302850332
1361534224
1703084361
125106173
927516631
1926954472
441422468
1809609589
2021686181
1985301771
412524880
2065202208
1180043425
2126759921
1274448801
949538994
973154864
982341593
1222166139
432386474
1558436017
1673675243
340299200
429232309
2120464066
644447160
457003497
508707437
2135329468
1168220542
947509314
1290696152
382271118
503110028
1415802326
1309787749
282580852
1857224794
971913690
156783385
1695042918
1384438571
74501945
727602695
1363714844
1348950747
1677141689
189386061
183808692
751824180
621772535
1742244709
278015776
962071735
23993371
250996194
1606518895
480996868
759703631
1594364716
1649217410
1707212946
737577220
2031488529
62839326
5895898
1193792630
345420178
1863120693
18222673
502203564
1410679963
1402661244
576705509
2138282658
618892440
1925656256
1667940699
808278501
2109464948
272281232
1430051037
1704226010
550297008
244639124
1728219381
801293202
1851158020
61732601
1560996834
1298039088
1710950012
1120726132
2035616308
1594954893
1183565458
2041512207
641263875
1528985636
1757149252
659486548
2031189200
1020345567
2062147792
460411062
1011144577
533556585
238583670
531601628
1341835086
200564971
803882860
624402475
1904790981
1354179868
869041600
1485526714
7989423
572715972
1547259315
1568986257
1870755060
1110725679
542228741
1758887720
558196924
1725794199
1652916279
1199460800
1107296187
1262581883
1858947348
991001740
135443802
1773611493
1451412802
1146588379
159684430
1689996472
1678190008
1501519516
1890561443
334589220
2125921992
1647868776
1688769089
847479944
985911842
1696758512
1420195916
385687510
1118261121
1143467328
1496413189
1660489862
754871400
2054610114
1238800413
260304032
1106587266
198612952
1522885915
818050966
1189614692
1658329718
444178811
493543846
657434449
603863241
36056671
188140809
2105382758
1926618114
522730030
2083821102
1427003243
64015471
783817398
265431437
1760773983
56529666
651118947
731551456
1199996994
48489
244557670
1954868394
2054658603
1483358083
67688778
1013762221
1681971035
1590574694
1831813187
724102080
1101420764
128508351
1217645926
1758855213
732371592
1253702597
1946996023
690270702
1032837064
322242405
626608156
312356659
386257876
1410425554
577788096
2147031859
1466955220
1228907044
731099667
519468566
1228955533
975657337
326853313
1136130488
311531772
394542091
2409061
1993502807
1985116785
1834222248
570121239
939053901
1962730599
1787767166
550425467
547618544
893986115
349937842
1237889246
1926823179
672180247
1864497403
91696190
1058438123
1127439309
669484287
1057986334
446910882
1898391331
1789086001
966379448
979863216
617259690
1293232761
2115993704
928791462
1687774853
2118402765
774810621
1525407990
1805141365
1344931861
316978244
1620388317
985215379
867403711
20523213
1879201494
1217341553
1258412459
1658541026
1889521800
975426214
1750237216
800476275
2102865524
272237855
1858462609
402292758
23145538
1500064962
1368672206
1003008754
2117324652
514421320
971518810
898632466
54712525
942437927
1673443087
1580120515
600095645
870891300
1897098759
73000314
1856106679
617018822
93523527
1587824526
1834360375
1351935986
1098881904
1576398527
179878553
701635472
229391154
135260429
973873328
2087853763
537553187
997018866
1440435077
1906225393
2000027621
1410276081
273163065
824062783
161424899
327875590
1766500711
1834867987
1907996106
219112708
558275639
1657611217
292113022
266898671
127146392
385636549
1854723197
1961506767
1737572535
806121453
1390421647
1917451088
1507756925
1619812801
2052711517
334146605
1560182917
442781056
1331165472
853134346
201522802
1183709445
115926780
474685867
2007772228
277351679
802561458
1626789291
2112219666
563073916
1845901999
523011658
73201485
2138015021
789910329
200347877
376167922
497149878
14370997
2113740458
1303271331
1404792644
1883707898
663544608
877121797
1788935768
997691214
289821066
84233176
181373038
1142955413
285755978
1365082483
1258882193
760441846
1225371063
1536233872
1563003304
704676707
1500969891
2126077220
403095058
2023981549
51795057
393626432
666408230
252142935
769794354
1163558108
266513932
736051164
319345791
1671306576
472275415
982890399
400944725
113727535
1980581613
690765792
197960711
14471003
1833721205
483716690
1379553486
945119750
1244158536
457440902
333869974
659678192
1162117609
1834839865
638271764
1565212667
1711337766
690066821
1958839099
230262348
942209756
581149806
1393820456
1208723688
1317200970
1713166247
732546616
1789476385
548572999
1133491342
1903203920
381670964
1824257134
2101164632
396141968
1510494691
437397674
1775695454
308130793
1681556210
85652708
642000767
193750754
1247770317
329356985
832022518
665499337
2040694751
1522089339
476854788
123473452
316815448
1058004594
1517293908
1525539136
227721917
1082976508
110602105
2017198302
1631549507
1244093447
1772918575
2013220471
920866933
1726599559
261878791
283877976
16513585
2037574246
592008769
1698069795
2123226954
1234009536
1891820549
1223513624
1563366521
576359419
1889012961
1456577625
2098448758
218384101
1580051077
267780558
1276388696
949861337
1793319695
1504110613
2032837845
1903921800
1373825267
1516903704
1000531599
999260194
1382640528
1921398532
578376105
1644519319
57792860
594889690
1534609917
649801629
145475837
1510353224
1883811165
2037296386
586383200
1299694039
466172157
327912513
608788016
417137268
546296614
41355445
684917826
1822685310
991216782
330753873
1179312275
876570980
87192025
405653895
245991036
1087723624
1404914089
1628631564
861638508
1983290195
1125667236
919431368
430696237
512793505
1569232997
576172075
2023146729
1305560515
465984813
462046281
457770906
932156971
789958794
1066558922
1349294239
1336255409
1107914367
2034212065
1011457071
2099131149
217482291
43285699
828218481
304674316
448939594
1074209518
1392397941
1853853683
555357434
106552801
1689660230
1681024670
1025984170
2120356468
46334528
447733519
549044895
2069481257
1753294034
1015029708
384043891
63581292
1947186679
1174002685
1130140214
1148997270
362774446
90570933
1035725688
1374231518
42218435
1253207979
1417517217
870436916
1557882295
1866456811
1944646434
802796588
1572826846
352520221
909349390
1115003429
2033544891
1935333560
1087876249
2079879419
235583431
1636921144
2001877029
1988877466
504467204
238437272
2052458758
304170236
1412439957
1035115325
1453167506
1775214404
1125686258
341409546
1001962274
1167904693
1594617525
271995843
2038341610
1005016173
2138452654
1835504396
1807812761
1563795852
40540969
569678503
531315633
2074085861
357528415
1619191882
2006481632
593111847
1108629378
1860875013
434505665
1613096583
2099312285
339480775
1917266819
1364268595
1374596100
1222950677
991999351
352798711
1564360224
1993961625
1520703404
1011494101
118473820
1411561366
2016510274
109442826
1099582115
1676839388
1673238678
1140123084
99034243
57070664
1066725297
456562659
1676262546
925723282
1049674506
637408277
639114647
1484180171
103021212
590943285
1823660946
2020288031
1955211880
1050773399
1095755060
799727583
1403572110
512631636
646205560
776791866
1524125738
764679380
40869585
1393152364
874122206
1140451700
922508104
399877236
133091136
1021542348
456947900
1199816434
1478105007
2133210447
2125539716
380295865
623135076
617170715
1864476036
726156288
1208114000
1540653334
598960671
1015842232
443943085
1694715731
1815569815
1847515195
59863720
314291727
476823414
1583989458
1078971107
517692999
829658174
1953093313
1658144699
1752166279
205486902
1791235835
626224979
662434802
843568621
2104329986
648161601
821624689
337142203
1271296677
1438795405
54134591
1997452965
499425757
1594787925
448929988
1515267990
2038731011
2143645720
1183354157
1738762558
56025792
1497645885
68102324
1640015250
429133344
585795323
322189776
234743010
96456374
2074356055
440229912
1887692210
553097386
1102664714
583777183
509943724
1750826316
1405401873
847085927
874639345
696713630
901220518
724608663
1196139387
348524796
1173538651
563923729
239772159
1169700723
1747277887
1978534717
1225726515
1097440124
2046637042
718258117
1526573468
484948717
1040447894
1761316478
581405092
967320301
54062742
321613654
1520417688
1156727457
905390837
2030361412
760070125
163309062
729963692
1634709470
860022692
1631184210
211834485
2056162080
1979709006
1385373137
472602161
71997517
407590212
72396400
2050532235
1633316728
1169836524
1949685629
204091197
548926345
287150698
1244539091
162759175
868555790
64375745
216821918
1190169444
1584793433
1373549375
2095560282
1467671197
2133619500
111385696
50151241
1620845322
971408389
1681335452
1832679808
880086821
1513560810
1070569297
1352688982
1585558328
1478159509
1425085383
1488606915
963992589
447438259
1290808896
1168083787
996364604
1577959594
265139230
1159123780
299031737
329514975
1375945698
1489201181
1914308408
602011425
1437277815
1234495958
588147277
1548663512
1284647199
61508951
372588253
818499003
1894188759
1252675074
184576166
817274408
457880408
1770134494
147950270
1882965791
1111257761
1111942859
182920403
254583009
132542998
1179285007
1832542603
397682229
190925139
2131574340
727197204
1566870837
1473291874
494021965
21398614
763086041
1728517923
609545891
164265905
865681474
671054843
536854158
1684180478
417759954
1789529232
1868756644
1235034363
99925993
1491407490
1382984633
1982891784
455181603
347443844
18328539
709764612
479986843
1197613547
394823567
877669072
1388538686
378914260
1604866276
807925876
1852206134
2098888241
829324490
467808527
1679922516
1438870382
632074433
398120343
2109925225
1168928591
2082300821
380201531
810974176
1803573817
1615235894
910900169
1147497659
850736879
746308305
1602679262
1198180724
764636845
164960226
1678167567
1962250392
559783793
408352991
1203305430
938698053
2013219267
2011231306
643420539
1964623861
693072149
1111229067
1497062729
2131942531
1743303500
1895183072
2094384108
764748443
1830000245
327101991
1575722619
1486090414
1942337886
339139140
486104425
645591117
1085447446
2088783687
1843771841
1850084291
106260265
1374455760
1664851035
666044059
1782808751
720672817
1604742112
1648544371
584420476
100679004
1465684584
1277492625
1211908071
815263665
1261951508
807727923
562963090
1208851968
1572476366
245479687
1535953959
1000715338
1731570102
1330808197
1339854478
70190879
1976399315
277818276
11490919
1672687508
2127902567
117751184
899659621
1645269954
783795243
534984724
218459124
241053708
36045447
802879600
341732712
1501730031
2080372225
1553640783
169510049
1194840085
213885058
732473139
256208405
1786361424
977952826
1792162364
639593114
562039280
975486914
1979447593
632230160
804402581
109782221
643721079
329606441
90201141
761472263
1229266062
1735471095
1545267507
1764250787
1953930219
1786321215
1800296234
609326171
2128053927
1154542618
542214748
1534211062
1324052667
1737054833
1748096120
2056525806
1993263238
1386973896
886994984
1637941955
2026567011
1449034265
465945221
1858530956
2081264425
1270347802
1968313177
577501856
1599954243
2058514318
1338974119
681736658
1646501766
736757978
298503797
1452948337
375595545
2098800031
2062274509
356165824
1105859001
457005609
1890376886
282428020
46576795
1490989358
191470178
2039840033
730479607
1078465163
1530298340
609562970
380015780
1996243561
320610278
313796557
1119107715
141439807
891298413
571578311
52470478
82788884
1253314969
1698972244
819546863
1551818766
1004436933
1195142408
1503135149
919227794
1551308233
461510503
1376233404
1294201471
743938523
1422810199
637707182
935408702
1315166584
1368186789
2013873865
697981277
1977749759
246405997
546741190
150876389
560202554
1665848906
292316196
1451500967
89943569
344786674
1534289851
1343258538
2043758918
206353066
747593656
900712204
1401495475
103245157
1819939998
805320060
564755660
1048689754
2099521531
1308694184
324016305
589745065
96619238
1639182890
1957931854
2110493103
189680519
1788197965
209415452
736421709
1939074354
769618006
254786967
83906903
73635325
344730536
428693577
1607925176
1687989074
324968848
1814278243
288099082
1225681052
1068290070
391344240
898137402
1873610130
956099900
1946827157
1825648013
117310436
123359814
267909431
213929674
1762542704
78357637
176939129
1952223223
1866555603
386354581
541161285
1658146309
1155972587
795948252
1742053212
1229607912
1140678789
23263142
690049441
681184215
348231990
356844036
969283298
1573913042
1425134106
1360627538
324566796
1151260588
169243790
123910305
829424953
286554227
247270120
1097334384
500483901
2009812824
1175692022
677423031
1814552400
894763977
1063777612
208230037
405426638
72266552
1004178289
2147479851
1301874464
2144857078
23259345
1991923905
678557646
371491335
201284293
1647840944
1945404377
1626418399
860984834
122487525
630195339
1030228624
246397831
1459620293
1316782851
493667951
409471029
1817266753
355997127
1585163051
347206136
23065879
332443380
1410983748
231295916
737870019
1483250300
1235474206
737866222
637641117
1232847636
761125567
482081374
1911405282
1132616902
683365668
1411762578
930537631
162300419
125263764
1053025156
792495759
1155492389
1299422987
104632404
324791592
1793090938
514103433
2142058345
1604418
2099266485
341780833
24670297
284226217
1752764582
255966214
1022096236
1088531234
1491440420
1759962458
1726172351
576804408
373604377
60770078
340726043
1506221279
744135746
1752488621
289275262
906436165
1877752386
1342300419
1698931924
885761127
494239758
1803564328
1210552719
139847049
170184114
1205127417
141451467
121966951
1546908250
166121764
406193168
1152189184
422087978
1428289405
93236771
1913528398
1040768215
1819409122
342849159
1414372593
1880179200
683575202
773110224
476831298
288580175
1062385487
1383267464
18848913
257202258
934715740
904610040
751442016
590796421
2115162760
891289065
760980535
1172806529
1032740532
882947486
572231131
1198862297
1289140654
1724420316
1620950275
569946411
1817657087
1386995026
1610714627
1489582561
1729844185
877603572
1222278114
265935739
1650713796
1699109412
554515914
565615635
934893228
573364828
822817893
1869608969
1477974868
1574259910
312921742
1445653980
318065327
1073902277
470976861
1350805860
1956849763
1043207993
402184509
1098506769
620144661
2023134784
1668453181
