1708421557
462375310
735773912
636001321
548549283
1524886133
1835486502
1365359299
870630863
1424863098
1513543384
353976302
1908644012
638008350
1564914509
851607724
1425517697
660973678
988582511
299274554
657364735
719565265
1486432482
1201243729
1890661864
785915933
744912524
2097169232
626373782
69056087
1909100215
187311691
531431397
497390479
823313012
1079980680
2022276612
511315867
297856331
745423828
1936178965
1811399716
1099400130
1697339330
301924418
516830991
401463406
1727442115
1177804669
1390045918
2026716669
1835169405
2109611183
1365665503
888929486
1852789399
4097788
1633842010
1802474983
630471570
1702898097
1564091550
817783262
86845846
2061482030
1641096274
1166826527
1936274994
4928493
1464682858
534215174
1941107459
1128598926
1633615304
1490963141
1430523344
2962647
1892426547
1010481811
1180767317
1134988817
889714832
868453074
1097116353
107896688
1757382560
802422104
111994476
1243740922
457413440
742466047
799155371
2021504990
1560249309
886001217
1935503372
1053861935
2052827744
1724294719
1058790429
1370026955
111026245
852414240
351142233
1744641550
195893733
1781665578
1747604197
2088320280
644663741
780887866
1075825450
1534378574
1649340940
25458155
1642275262
1259239852
827880259
1754269738
355497126
1285293699
349252137
1154652497
1159315042
1909501446
2040653715
947334766
815879734
1945997811
524145837
1874670163
1168541118
635172083
579600755
1519683352
232329985
775494488
1153865282
1979934182
716331120
1798529023
613338401
1792156570
1185423949
115195693
1817614725
680215563
1374435546
498011337
287001654
1729932672
1783305036
636253791
737101522
795136430
398271590
630271589
1742471197
1214151324
428785752
119133386
941337839
1597326871
754305469
1520938594
969526575
986635454
148949434
2123391857
819085989
865280554
1774437232
1432424390
509953477
812377534
1547620083
180084554
1492593097
774571981
678095891
1779594751
357021006
313917280
268364895
1094122528
1109053710
666636485
1724394117
704041259
1880787809
5696221
823174646
674642000
1603023092
1577480115
48096946
425066019
416631922
197046380
400974228
1235717911
1062326934
27927813
520658653
1572280411
840305347
2068278736
1752364966
185414796
695367070
282977209
1965009548
1052388076
596894489
85890795
2146510604
1705948200
752527280
1723421073
262505811
485831441
1729117294
1085680457
1160473441
1184656739
515676925
1208570387
1609722758
932308847
1405616767
2010696987
20543110
320460053
2038624800
541201763
1892740465
731446499
461996851
1497621783
916861295
1157363921
1780598992
734387195
62268349
230009834
820277990
61295305
1935958034
1572805270
1784716378
50980197
2058636711
1366350025
1136660655
1071626504
403523116
1652337580
132713243
2013245874
437162779
1538330010
1876459213
457705889
1858790064
1767600365
998907652
1604046881
351563216
1460904503
954185016
1268424512
470784777
587300360
2002811707
533053126
817310194
675606050
594348432
605784580
100927672
231581162
656764778
12080736
1597931187
1793425433
1083707240
2001454303
1298279365
1216420484
1867216530
1735442144
607266846
1596192095
45664385
318573262
1216308813
1044572037
1922620143
1567872029
357992892
729321511
688812893
828777669
1316621872
544140953
1361830796
2133932066
1219747003
1956179228
592232999
1320674675
40276742
1248997777
1332755411
1638207930
894939562
268979004
1492178585
45735279
1485399488
1211911467
1781177423
2092666334
660619915
1826841808
263755949
1876928728
723930197
38892444
1297317109
1081923089
768213956
1986130003
1910700759
2084835828
382787308
1125047907
2071284246
1602534311
933743487
516033597
775725338
974020229
1765031374
2108480750
464744511
512487288
229976106
1956923097
558222567
1715375594
1021350916
191916342
1660558280
1681970831
2018758150
1924314229
1411415911
595204699
1963206674
561249373
1677127789
583936982
399895728
1440344900
521289162
782683036
417909159
445089760
237733699
1351652646
961123358
1013459037
178189227
578671084
974456139
642933739
1091158373
1204432245
452373188
1649380940
772324191
1473724104
1841297283
285398824
1008211288
1712571785
62229405
272143551
160292837
2025436079
833392924
1837420626
461889413
1233288652
1130281878
983178575
2015971688
1548191037
1428268336
106221739
752360035
241908046
1119680777
930549262
820579130
2094136916
1573483001
1911737503
1151085514
2025856189
1413634796
1923409705
1352096646
1107448431
61324881
212824286
672536568
123554287
484967837
832829405
1506718
1318360762
522766383
463396132
404165766
1653048261
1446574707
272653807
1053755650
727359395
378875546
1806115685
969267441
1498556323
589181300
1789846572
1445209592
15180653
1554100427
448811458
2041036843
820251575
224737515
1245649841
1927700006
286062397
1458474127
452752927
409616684
1943441964
1285582332
411123402
1114319078
1808348716
874519534
1518484845
1313913329
173610594
1791138652
220185332
900969989
22530550
2026301017
1870237431
1521086874
467998669
1512600355
818812818
483179323
919217134
1267624276
376732518
1739468710
1492361791
1622382359
1519685068
1778424188
933372838
1972437995
40557224
729331154
1110536680
451680627
1843650233
771401748
1326200161
1214651430
2085315077
1499810755
858306434
158016761
253297097
880836984
36834131
2123534528
254440210
504832800
1488651235
1073253028
988012123
260384721
193393656
1364744641
1999853431
1685755448
839643352
1372054852
1316695988
1773016190
1197009199
1357253213
354863697
160062231
1808933840
51030282
931463979
987650353
1265681712
869295409
339977461
2123988146
1027312170
593274558
857341482
1064146301
569325438
1111781693
1568979102
2057976673
37551073
409507577
170877746
230944730
1774252219
23247530
1916700178
466411923
1395302382
1085912518
91944466
444827933
295682083
446808163
604890165
2104615923
497838445
1536354144
944782629
1763520157
258165905
1284760090
1740024655
1285478076
1878034648
449882489
202140729
299876438
1561664182
1771119831
210369463
1599215256
33143761
381247209
1830159986
1807395980
404494739
1599376516
126324255
1799797121
537805386
218268721
97141407
833487470
665076884
702031572
790619745
1162915329
90902068
1735402374
778951838
349067974
872678816
371492845
1634546050
603229816
821375335
1836686779
903106254
235555869
1460322963
1113475717
1834771125
1493466724
1494722927
1517447463
1153379056
1899217666
969340331
1279703311
1551531140
1507145718
1497972033
1648672547
193149540
15565269
203220471
983769285
1178480599
294122539
571688012
1957432437
643190513
1444366828
181441635
130252915
2047596645
1002816970
1966939695
803219251
1238372839
1279779010
1916694969
925660317
625762086
1263934248
295624132
1779141142
1015668266
1264964464
911360805
419715758
624626534
261849190
2068388305
817776074
277414460
124125128
1801545359
1455895059
418247668
225749723
1265843848
1061438181
1670116552
1447285483
1191691097
1570229549
302618805
1011147144
225965152
1540991645
143442506
2142660121
319168314
769204592
1259110721
614792446
400862086
127295340
1879756910
1312222891
547011098
356899796
1574072082
467915756
1174675870
1851486542
592040884
828737582
1159897953
1010288552
1054487305
278258153
2071726734
577120209
1725543637
1115934183
2147349758
2028162442
2127081327
225831263
1421670439
123040185
221007736
1740838753
892244777
1480118458
208147552
1293106863
1607413798
2087904462
457846106
6941248
297320611
2031918188
474857004
1471996481
1735921082
1066897889
153250415
748335387
2077186441
1207737721
1026593541
2001429527
1784857930
604653530
969880062
1784724041
485332324
949477741
2010555304
1907002764
1072517926
84079392
1500357869
1964762703
1564197850
1708505421
1110385918
1024128000
1648926236
1568232025
1031069249
1946246847
1452666565
1505926253
1270759680
1041104000
425340494
1424010096
1789439387
355043288
484264169
668549280
208989167
121638451
1273202810
1178869230
1906362492
1758535135
2128346971
1769434148
1518054251
1053381250
1853513541
870928472
870660305
1270227743
431950246
1981046224
146872096
2080876482
1401794601
1177941345
1879639681
706977518
536383950
1002915713
1748081518
961724445
279442161
1390037258
1316767733
763706330
2058586538
1525756900
885344782
1184305701
557142482
644223626
795357188
538005806
266174127
165927791
1591387056
2119687668
1036856263
314563713
1242431763
1468806509
148126289
1389303859
1402199343
1549920890
419761556
1134355376
109414761
956145507
2137271090
1857496279
1917869952
269229603
1100049889
1087154037
1032935934
1011152780
465427289
1918280716
47974833
1022569772
415020694
843332021
1560575578
681194821
1009259812
1004478986
653398841
2046116075
1319042699
1895830605
1367438937
1467168989
1137650816
622154632
869606231
1557412373
1756510009
979020992
366074232
1746297451
689033624
136460536
2015527054
1789083513
1223614573
900979340
652752645
1689041862
671776408
700727478
564127986
1086797103
1544059499
2124703564
1767991924
405835663
981698902
273907118
304468091
153257954
22254075
1671907028
1620426943
1159904891
146578012
342549526
569833616
1903088021
1321570519
935907848
1501901824
2010604143
1072368384
1369945231
1652204008
148499309
123440923
157473006
1837541172
795217332
858200484
254185510
1882014435
254776336
231405427
1502522711
660611999
1213104329
1776429829
965080090
1366362283
1798683904
489503470
839305578
811105148
636081483
1181855105
1380938764
391685856
355941976
169362965
1893587681
219062471
1241731349
1116049264
1871266479
1390230659
1239490187
2028739485
1080288183
2034707519
739456322
1334473693
1769238306
994232658
1565879120
1124277370
1654844657
631499802
753223551
472441100
1997862085
404423808
961944570
689684016
1215528956
1598026053
1871539121
448984072
1989711910
79997449
618347037
1735815943
299059920
1860078387
704381559
22842751
1102825398
1943871746
2051582237
35629933
1831095618
643554911
1370103626
1452850276
1637787569
788499099
429643998
1145148578
1419998901
1182867550
1617589678
1270377338
1587291358
432050601
1960061354
655336666
2030076654
1684116827
1104320738
1872304916
1764114276
1722667776
1460637211
2063174196
1435262515
17535122
2086016948
390604265
1961406869
1990115537
426234198
1645018839
486186800
1796337824
950385467
2123974369
437353275
1380029466
1121639299
1857352176
415413368
591745330
980245867
2002704726
1023795931
792823573
510557744
906388937
329456753
1614878482
631210206
2093571029
1190062610
2091847417
2009261578
477841477
2109382540
1947794878
868445742
1923305761
1790426767
1294679940
1420840952
129129919
943534117
223742771
105620640
1380887392
1603772237
1227259939
1090755921
2019185605
1819005269
2071001788
1874406683
695317552
716341713
237480779
1601706490
1045798466
1852359262
85433048
991885848
894938224
29796817
853663778
1372779702
2139179357
653975008
93741796
1915001470
296918127
1388421737
1188358774
426048046
184472206
1412101546
531668686
1565359598
868390135
1758928625
