1708421557
462375310
735773912
636001321
548549283
1524886133
1835486502
1365359299
870630863
1424863098
1513543384
353976302
1908644012
638008350
1564914509
851607724
1425517697
660973678
988582511
299274554
657364735
719565265
1486432482
1201243729
1890661864
785915933
744912524
2097169232
626373782
69056087
1909100215
187311691
531431397
497390479
823313012
1079980680
2022276612
511315867
297856331
745423828
1936178965
1811399716
1099400130
1697339330
301924418
516830991
401463406
1727442115
1177804669
1390045918
2026716669
1835169405
2109611183
1365665503
888929486
1852789399
4097788
1633842010
1802474983
630471570
1702898097
1564091550
817783262
86845846
2061482030
1641096274
1166826527
1936274994
4928493
1464682858
534215174
1941107459
1128598926
1633615304
1490963141
1430523344
2962647
1892426547
1010481811
1180767317
1134988817
889714832
868453074
1097116353
107896688
1757382560
802422104
111994476
1243740922
457413440
742466047
799155371
2021504990
1560249309
886001217
1935503372
1053861935
2052827744
1724294719
1058790429
1370026955
111026245
852414240
351142233
1744641550
195893733
1781665578
1747604197
2088320280
644663741
780887866
1075825450
1534378574
1649340940
25458155
1642275262
1259239852
827880259
1754269738
355497126
1285293699
349252137
1154652497
1159315042
1909501446
2040653715
947334766
815879734
1945997811
524145837
1874670163
1168541118
635172083
579600755
1519683352
232329985
775494488
1153865282
1979934182
716331120
1798529023
613338401
1792156570
1185423949
115195693
1817614725
680215563
1374435546
498011337
287001654
1729932672
1783305036
636253791
737101522
795136430
398271590
630271589
1742471197
1214151324
428785752
119133386
941337839
1597326871
754305469
1520938594
969526575
986635454
148949434
2123391857
819085989
865280554
1774437232
1432424390
509953477
812377534
1547620083
180084554
1492593097
774571981
678095891
1779594751
357021006
313917280
268364895
1094122528
1109053710
666636485
1724394117
704041259
1880787809
5696221
823174646
674642000
1603023092
1577480115
48096946
425066019
416631922
197046380
400974228
1235717911
1062326934
27927813
520658653
1572280411
840305347
2068278736
1752364966
185414796
695367070
282977209
1965009548
1052388076
596894489
85890795
2146510604
1705948200
752527280
1723421073
262505811
485831441
1729117294
1085680457
1160473441
1184656739
515676925
1208570387
1609722758
932308847
1405616767
2010696987
20543110
320460053
2038624800
541201763
1892740465
731446499
461996851
1497621783
916861295
1157363921
1780598992
734387195
62268349
230009834
820277990
61295305
1935958034
1572805270
1784716378
50980197
2058636711
1366350025
1136660655
1071626504
403523116
1652337580
132713243
2013245874
437162779
1538330010
1876459213
457705889
1858790064
1767600365
998907652
1604046881
351563216
1460904503
954185016
1268424512
470784777
587300360
2002811707
533053126
817310194
675606050
594348432
605784580
100927672
231581162
656764778
12080736
1597931187
1793425433
1083707240
2001454303
1298279365
1216420484
1867216530
1735442144
607266846
1596192095
45664385
318573262
1216308813
1044572037
1922620143
1567872029
357992892
729321511
688812893
828777669
1316621872
544140953
1361830796
2133932066
1219747003
1956179228
592232999
1320674675
40276742
1248997777
1332755411
1638207930
894939562
268979004
1492178585
45735279
1485399488
1211911467
1781177423
2092666334
660619915
1826841808
263755949
1876928728
723930197
38892444
1297317109
1081923089
768213956
1986130003
1910700759
2084835828
382787308
1125047907
2071284246
1602534311
933743487
516033597
775725338
974020229
1765031374
2108480750
464744511
512487288
229976106
1956923097
558222567
1715375594
1021350916
191916342
1660558280
1681970831
2018758150
1924314229
1411415911
595204699
1963206674
561249373
1677127789
583936982
399895728
1440344900
521289162
782683036
417909159
445089760
237733699
1351652646
961123358
1013459037
178189227
578671084
974456139
642933739
1091158373
1204432245
452373188
1649380940
772324191
1473724104
1841297283
285398824
1008211288
1712571785
62229405
272143551
160292837
2025436079
833392924
1837420626
461889413
1233288652
1130281878
983178575
2015971688
1548191037
1428268336
106221739
752360035
241908046
1119680777
930549262
820579130
2094136916
1573483001
1911737503
1151085514
2025856189
1413634796
1923409705
1352096646
1107448431
61324881
212824286
672536568
123554287
484967837
832829405
1506718
1318360762
522766383
463396132
404165766
1653048261
1446574707
272653807
1053755650
727359395
378875546
1806115685
969267441
1498556323
589181300
1789846572
1445209592
15180653
1554100427
448811458
2041036843
820251575
224737515
1245649841
1927700006
286062397
1458474127
452752927
409616684
1943441964
1285582332
411123402
1114319078
1808348716
874519534
1518484845
1313913329
173610594
1791138652
220185332
900969989
22530550
2026301017
1870237431
1521086874
467998669
1512600355
818812818
483179323
919217134
1267624276
376732518
1739468710
1492361791
1622382359
1519685068
1778424188
933372838
1972437995
40557224
729331154
1110536680
451680627
1843650233
771401748
1326200161
1214651430
2085315077
1499810755
858306434
158016761
253297097
880836984
36834131
2123534528
254440210
504832800
1488651235
1073253028
988012123
260384721
193393656
1364744641
1999853431
1685755448
839643352
1372054852
1316695988
1773016190
1197009199
1357253213
354863697
160062231
1808933840
51030282
931463979
987650353
1265681712
869295409
339977461
2123988146
1027312170
593274558
857341482
1064146301
569325438
1111781693
1568979102
2057976673
37551073
409507577
170877746
230944730
1774252219
23247530
1916700178
466411923
1395302382
1085912518
91944466
444827933
295682083
446808163
604890165
2104615923
497838445
1536354144
944782629
1763520157
258165905
1284760090
1740024655
1285478076
1878034648
449882489
202140729
299876438
1561664182
1771119831
210369463
1599215256
33143761
381247209
1830159986
1807395980
404494739
1599376516
126324255
1799797121
537805386
218268721
97141407
833487470
665076884
702031572
790619745
1162915329
90902068
1735402374
778951838
349067974
872678816
371492845
1634546050
603229816
821375335
1836686779
903106254
235555869
1460322963
1113475717
1834771125
1493466724
1494722927
1517447463
1153379056
1899217666
969340331
1279703311
1551531140
1507145718
1497972033
1648672547
193149540
15565269
203220471
983769285
1178480599
294122539
571688012
1957432437
643190513
1444366828
181441635
130252915
2047596645
1002816970
1966939695
803219251
1238372839
1279779010
1916694969
925660317
625762086
1263934248
295624132
1779141142
1015668266
1264964464
911360805
419715758
624626534
261849190
2068388305
817776074
277414460
124125128
1801545359
1455895059
418247668
225749723
1265843848
1061438181
1670116552
1447285483
1191691097
1570229549
302618805
1011147144
225965152
1540991645
143442506
2142660121
319168314
769204592
1259110721
614792446
400862086
127295340
1879756910
1312222891
547011098
356899796
1574072082
467915756
1174675870
1851486542
592040884
828737582
1159897953
1010288552
1054487305
278258153
2071726734
577120209
1725543637
1115934183
2147349758
2028162442
2127081327
225831263
1421670439
123040185
221007736
1740838753
892244777
1480118458
208147552
1293106863
1607413798
2087904462
457846106
6941248
297320611
2031918188
474857004
1471996481
1735921082
1066897889
153250415
748335387
2077186441
1207737721
1026593541
2001429527
1784857930
604653530
969880062
1784724041
485332324
949477741
2010555304
1907002764
1072517926
84079392
1500357869
1964762703
1564197850
1708505421
1110385918
1024128000
1648926236
1568232025
1031069249
1946246847
1452666565
1505926253
1270759680
1041104000
425340494
1424010096
1789439387
355043288
484264169
668549280
208989167
121638451
1273202810
1178869230
1906362492
1758535135
2128346971
1769434148
1518054251
1053381250
1853513541
870928472
870660305
1270227743
431950246
1981046224
146872096
2080876482
1401794601
1177941345
1879639681
706977518
536383950
1002915713
1748081518
961724445
279442161
1390037258
1316767733
763706330
2058586538
1525756900
885344782
1184305701
557142482
644223626
795357188
538005806
266174127
165927791
1591387056
2119687668
1036856263
314563713
1242431763
1468806509
148126289
1389303859
1402199343
1549920890
419761556
1134355376
109414761
956145507
2137271090
1857496279
1917869952
269229603
1100049889
1087154037
1032935934
1011152780
465427289
1918280716
47974833
1022569772
415020694
843332021
1560575578
681194821
1009259812
1004478986
653398841
2046116075
1319042699
1895830605
1367438937
1467168989
1137650816
622154632
869606231
1557412373
1756510009
979020992
366074232
1746297451
689033624
136460536
2015527054
1789083513
1223614573
900979340
652752645
1689041862
671776408
700727478
564127986
1086797103
1544059499
2124703564
1767991924
405835663
981698902
273907118
304468091
153257954
22254075
1671907028
1620426943
1159904891
146578012
342549526
569833616
1903088021
1321570519
935907848
1501901824
2010604143
1072368384
1369945231
1652204008
148499309
123440923
157473006
1837541172
795217332
858200484
254185510
1882014435
254776336
231405427
1502522711
660611999
1213104329
1776429829
965080090
1366362283
1798683904
489503470
839305578
811105148
636081483
1181855105
1380938764
391685856
355941976
169362965
1893587681
219062471
1241731349
1116049264
1871266479
1390230659
1239490187
2028739485
1080288183
2034707519
739456322
1334473693
1769238306
994232658
1565879120
1124277370
1654844657
631499802
753223551
472441100
1997862085
404423808
961944570
689684016
1215528956
1598026053
1871539121
448984072
1989711910
79997449
618347037
1735815943
299059920
1860078387
704381559
22842751
1102825398
1943871746
2051582237
35629933
1831095618
643554911
1370103626
1452850276
1637787569
788499099
429643998
1145148578
1419998901
1182867550
1617589678
1270377338
1587291358
432050601
1960061354
655336666
2030076654
1684116827
1104320738
1872304916
1764114276
1722667776
1460637211
2063174196
1435262515
17535122
2086016948
390604265
1961406869
1990115537
426234198
1645018839
486186800
1796337824
950385467
2123974369
437353275
1380029466
1121639299
1857352176
415413368
591745330
980245867
2002704726
1023795931
792823573
510557744
906388937
329456753
1614878482
631210206
2093571029
1190062610
2091847417
2009261578
477841477
2109382540
1947794878
868445742
1923305761
1790426767
1294679940
1420840952
129129919
943534117
223742771
105620640
1380887392
1603772237
1227259939
1090755921
2019185605
1819005269
2071001788
1874406683
695317552
716341713
237480779
1601706490
1045798466
1852359262
85433048
991885848
894938224
29796817
853663778
1372779702
2139179357
653975008
93741796
1915001470
296918127
1388421737
1188358774
426048046
184472206
1412101546
531668686
1565359598
868390135
1758928625
508631871
740092093
1430450247
432150011
467015128
2125767799
1148491725
704495908
1579990641
46806543
409371522
1665423689
1038692391
1304309746
1695220507
1892356169
529605800
1686916216
398847529
623347597
1454434039
695765656
2011769334
495309165
1121813702
48757892
1907410711
1653482388
1614117490
628317199
1264927366
2122749362
1368409292
547893965
407415725
1835424420
526178116
1555907450
392436680
2106168758
1602713994
801808202
1624108799
493922737
2106117949
1171845658
238795259
488240101
711278227
637642788
1111587698
18228618
1333408445
975873384
513537783
307738499
1024631276
273464847
1961220888
491265119
901782046
1078664606
466530833
122707690
1626558571
873946558
1958132110
5253039
282370361
203085143
2111421797
1885084355
1004893345
1588046949
231523444
963527646
612408959
470318703
1451767748
1323687186
1107961492
415871798
1341915804
293886289
1391745183
1855453588
601624788
268892811
2128918435
415362028
760157930
883216833
1494026634
1226688763
1005924523
973101557
2100635322
816572985
978354597
235522035
1019658128
942292746
2120606390
2024551474
382856047
204646186
840595472
995265007
674964890
144879572
171468545
1782926382
560751371
1513384350
2076812671
1952496554
1221354290
530953811
73905717
1202789077
946315840
834063648
2086005910
292858826
2060752411
944446785
1265960384
2013904085
1761019770
96831333
101942472
633194251
1039124079
75065214
510262077
1421980127
279711401
1350857549
269761486
954676291
1495737122
441230031
590119025
2056488493
1954614381
519448048
1861501399
1028485023
1050401859
1935407116
83790452
1996717699
621987116
22312714
142092878
535255880
966759499
1408053262
401676317
580295622
1504884595
503618790
1213489873
396525026
578684004
1723751950
1818505153
858395405
927125851
2088266639
1813071696
275379325
382013023
255707073
184384170
189143756
775155121
2045885569
1217628780
1825556981
1833809038
1301419232
1674791032
308312506
1323731947
1816883910
843568386
143007798
1077453524
1245244704
723303420
434854471
1748863494
1936793293
831379498
180063850
1513061595
502401003
1038459256
292703799
443183995
704047304
568083124
825197018
959754378
752467295
1014340774
1734909499
650869216
84485906
1412982832
337194606
1385905139
940290217
645507113
562153438
609690479
1489075499
705161236
1687144004
586836555
1428464657
2121998475
188216401
1217774302
805894325
368280252
583352250
1308295329
1406739508
876056049
1751479324
2110786812
1444139173
429192694
923057542
49122820
1443533468
510483394
699992037
1528019375
1923466226
1037186643
766440866
716272795
1682693756
1328594304
1325963275
1024285608
2033755540
865623631
1611122163
1314736549
840138458
1799338565
385027204
1646032784
20135169
968379454
806844465
1426874677
1844435503
410840141
1390177841
1141091028
840032835
165751736
1190213849
136082655
676235130
1890205886
1664102030
452217708
779908881
283059248
1168490504
315118990
1611653552
346970131
1339404598
1497925445
1212593762
803043113
665178346
2052732220
454898030
1050205550
1551281356
475033199
2018585004
210642173
1901907876
1715536859
621482314
1144602070
709144240
1461515149
1310353806
1899358089
1597597805
1986588936
1642080327
1114216187
291322996
274505560
1397275436
1459813500
589624550
861445340
1806783631
1929029148
211887137
871893745
584588614
877065484
777142318
1039486644
1927271034
180940026
1514519844
1798372391
391582200
1268944072
1366425602
1013064514
266062494
2075569842
327096016
1576416300
1827444283
1924693821
1415521588
1322040962
891426360
1706844585
1596546523
141218148
1019174437
38687425
1002663489
678474421
1967716574
1214550626
1550368166
404821540
2091616110
180026836
1444308184
1871403497
360966863
811344380
1522292240
752549063
2080288453
741234194
1765613577
198867299
669320389
2092709593
1775283600
349281024
1869919766
1043321540
1671321987
613862479
602682477
1120384862
755080627
1621856915
1159072287
1757744116
152847688
979305213
824811095
1703215854
1384126753
768943557
1883242691
680951290
492863406
96725906
1492295670
2015155646
849274969
1425100475
608906193
467404898
1623967775
1278226582
412630844
1251767727
1627507606
135066962
147605619
1151345945
748929441
750288097
124247159
1504010069
224661364
1283319447
1114270537
377509052
115141012
1939081632
2080724906
1499267766
560541542
1816483949
32735408
1053404948
1913209855
1525031078
921076947
615001176
802647906
1529983140
1082406075
279132033
660726074
1495036919
1530899760
140750032
1630103881
1678505379
1292095978
231549675
281309828
1416343137
1735559744
505971192
552178936
702346633
883480244
667319949
493944618
816721503
19104067
1054486160
485721804
51839475
2107891108
251448012
1576870553
881484407
866449188
232034811
263983899
1948855263
511166844
924709973
1296408534
2042066604
1065460006
779028768
1573088336
210072336
1010578443
1854398164
1626415473
598654539
212885709
31110762
1301001172
1096365953
698430711
1794945790
1913087456
717534778
701948302
251325613
769374253
662355763
502773625
198761158
1543840170
1369222813
430795970
1807824070
1170594429
941962814
585050395
319519315
836545771
1650510401
1098548083
262150459
1860582737
2109126526
2116548623
1339514563
560297417
181950684
1370625325
1861298590
1278316638
2069056036
1508760732
1043920446
639107166
63225387
1295246059
1408481419
725581150
1798019684
1607242577
121937672
1019758850
2038038547
1929761742
42869631
832517714
367328490
362388946
1669063485
2017838891
1460937030
1931213944
1730937981
1422579908
1900278919
922968896
1982877326
2082229604
146110573
1696692268
1213062594
67682961
1057969352
109499392
706790127
1121194739
1404745452
2115271546
1846775889
1055281488
1575030475
1968713562
2075040338
1465585375
1750991656
2117909969
150619441
2118320146
332815268
1819682926
1988675390
1793752298
1603413222
1572129723
1068848558
1356208493
347614971
904242236
1290954449
493725544
453450856
356533395
561408505
1511420209
466032788
1268198632
485131300
1870778240
1235986530
184423542
778576080
663533357
5653456
706132771
2129118732
1756645112
676559092
132254525
1727481611
1009374360
1951937451
1568673353
655643010
1407867025
993319428
1724491569
616591871
1340934399
481250157
1907546320
1834659943
934701014
116596068
248584800
298637575
582628856
1516783432
783768875
305923448
605286314
968192417
1084499528
1268819671
973845873
1790632299
1250454756
583007338
319707744
1382709281
163005301
1329082104
1187163085
1731678654
1984725115
447546462
577514434
1561733036
1064138333
1918448833
2042983193
824201006
1605625128
830200559
940797074
1854209928
1128838134
1523425930
1223509712
1912607010
1829349378
1828796026
733315779
766365258
950132049
1707161653
409513910
53103157
142685343
729221654
1435812439
305690644
2058303758
475491876
2037369298
1895545225
923038338
467400084
1309794613
1987176672
238365269
1205294159
663894030
1843990397
2035494718
1604691104
1550716677
1016849205
980633386
626742741
781972567
662499116
308055119
1515288346
1428864374
1258187168
1074966351
1838378284
1311290326
1217651694
420116290
599619117
1523342338
330936401
1075110993
1413227988
78997978
1998149331
1880628072
1388792592
1837842355
2118993341
446603103
354252737
1815500090
334614173
1958943841
1218733119
1351463378
792093579
1845475860
2133435945
1454592695
6047331
1501240644
735973422
1264234500
428723347
426868058
428041178
1646375042
846984349
1027660295
1022233732
1177920750
2102771288
287978073
1256918728
1953436971
21122497
498227672
1643795679
2140115839
944830775
1998048416
1808132281
1279444949
1809508610
879381753
483424679
454118541
577373965
469376977
1908711237
583421297
1970617621
497201011
1847655797
251857320
924069069
128213327
1898232362
1771053418
1155873622
772982447
801490520
1111161262
1060960520
2058409249
917114585
1082083017
409153273
413426616
1074715208
1353984049
263991385
735363842
485945350
2073499995
1614745595
969370029
380134888
44635912
1438747006
141362477
628057209
1261880979
638563488
328229358
1513738300
1562632558
456442685
1264487014
1186202328
1612316307
2037469461
1987692849
575993921
950946333
1898618450
1493108507
2033029351
160288075
1906535123
960260911
1514272124
23042860
1695624753
2000217474
2096542855
1162886700
822103856
329194096
1207522613
113367214
470556573
1835579822
1375248194
1109120062
16325533
741502846
524268972
472768218
2005989860
1710471300
2085084526
1895975674
1550680501
513594799
699438359
1301815303
2006703306
584984062
1462103379
1765754782
1545244974
828891855
1788797642
1093386079
681625682
1737856850
108789132
1503729538
2067050946
1316311745
1617096752
390123871
1004407919
844861298
1499243933
1020733452
1586364144
2023512905
1493501671
1444870357
1586500558
1431102549
1193362383
989697411
1944697348
1892800742
144029067
1803917007
330301157
1606132446
1422188141
1875546131
287540653
1063502135
821448562
969166335
653875337
930237694
325412225
573442635
99065791
1942508978
963566507
1103473711
639886628
315326792
2124207163
78767125
191356050
1470225186
1523637482
1777856608
753844087
569516217
620070371
551057788
314833311
764099438
207491147
645134468
222748236
1629679288
373196951
510288890
545697775
1194645514
1479455225
1199573113
2124883208
1804867451
1773015748
76465352
1599892781
589098607
1179939063
92295761
904425400
1156662578
171062886
1095781450
479404117
1694700368
726154410
1233248204
116732937
1346224781
1784305992
431566249
2110324220
1991797139
1076700717
185588808
1473992779
1449897669
695877698
2019690555
497059535
27849276
1071780020
474459095
1832716727
697312120
550924447
1285125860
1286410728
1730863510
1377421621
43352480
740042441
1548484508
1139133930
1219446558
1095701228
1865288340
305211114
1212434166
1064029473
2089517107
1644000415
1026870045
1933830598
573217484
1212458854
1260339730
2023115153
1908336552
1132546637
372691040
1936185828
56843009
847150136
1621418907
754155129
1398074583
759061119
2040565857
981454446
2136482741
2083918337
1721496887
1537483601
1075568619
793459797
485701181
793373311
1098670911
1698135347
1857402785
1040704370
1194652114
736789182
827051321
1767869599
1949248036
2087391051
1643501104
1710100941
1072454040
2016192145
1498803121
1129297049
715858633
972738381
1883452178
2113933216
1731799500
1776534388
947904014
1720798593
1712969077
521917253
1110798546
641054049
1315377050
1596499728
1434427360
266564314
1147151427
1144346497
1307268684
194319894
1881135680
2134320005
1962189493
1682900068
2074227408
1458206949
1245517361
999197800
1326915446
596836835
2128494849
2042774079
1569575216
1864463380
2009223648
1153891068
1493514120
809644014
727206014
1058999549
1331561268
1838004560
1700053598
499454670
1287020640
986997311
766018984
286688420
2131343808
2073287669
481008314
1864995840
2060124026
295714159
1400412261
1986867787
1753921108
498445974
838581939
933352907
1095282809
819593141
828643338
517374377
536572873
690383338
1671265446
2030086993
1500027353
250987812
941602894
684104973
2088992372
494172845
1183559643
1228529365
1481170156
1949578628
1515217785
1465030316
1875382649
1996226099
1182542509
1788023027
144456610
435471122
1627407166
1898377718
933917096
318505458
684246977
2029199906
1138098599
1512890316
399090635
1674671472
55790006
2070356081
1557274817
1555817359
173860245
351394063
92438684
115368970
845566908
1275998328
1343898335
179253416
1078093308
711632472
1644283733
805992309
560374923
679342594
446531688
704831533
1114813716
2073938855
455725603
2048730812
244960665
1139972581
1930447070
1383059264
505379249
182054058
910247088
561169255
104926491
320038257
2116986615
278786737
671432320
61941651
394155707
1516999229
1337939979
1738054042
1696252645
268549639
302202866
1193052730
1074541948
862577789
1872395324
1521073637
1567409322
839725392
1447528844
2023134925
740972557
1692489509
1015623858
523935979
928065125
1521003107
705990037
1838312213
2082172363
810916529
10866822
2051675330
1089703266
682299142
2113616981
1483858973
51814723
1304073313
1074429367
1748067369
1572622952
1376632233
793636451
499681253
91726374
518548128
2020754890
1659135696
1358273520
1320800086
1534786973
2099246077
865805947
402927184
475698409
1793871072
1923930291
1181688446
1484699637
1858619006
1992604975
1495566459
1762810688
934824593
30381953
1728944022
271199918
82196677
885533687
1345629285
1830264046
310672991
574777870
476416849
810354244
666504244
994964977
683625486
178156292
205754850
2004425572
1712943266
157517279
722747871
2115870450
633215688
369135295
1892317093
1814904135
1853834932
1603452452
1660025462
1201917743
1218779492
447366408
1232299697
800239866
718566326
1314496374
1685773553
2064195612
997276772
1996446545
491489834
1473693621
659317141
1157994079
321174951
1342942628
1336150371
526929801
1199884552
901609989
684447080
1922632424
869996791
1317662769
144284071
614830237
985083256
1998119004
70799041
497625070
1052553099
1289578533
944991478
137369148
2089818400
1663557805
1451865522
1628108305
1580269769
301658646
1477071202
2071759603
1775352268
2136388344
1082270034
2096527219
1331847324
270936758
475973372
384248228
1172546747
1160420452
159397004
2042543539
330599573
303681076
509890128
1315682829
154316432
580689169
1813307900
1206869531
1870267702
610815730
1344238680
1812602454
126889887
648620554
1293227112
1707159656
950279201
622814666
1631435612
578147821
611719362
566221998
527191392
1943566686
837158756
1003164764
180331267
2009705504
16101568
339728271
1904765395
346701142
643409347
267171875
1662383971
797725779
847861044
1328208223
2004595311
570645098
1939023954
1201350343
235763905
2065913841
1849970897
1528991017
1625589850
652766450
4322035
1109541814
1230914271
616041398
1675763812
1758105663
412124436
365438921
613786779
592455703
227660777
629888348
932183975
2132426172
976589490
1575593322
252114399
491489813
225835454
1099975443
1819698037
82947117
1670620541
1611238343
1284297460
1906384446
1529668536
986784709
1287891815
1007774738
1639551160
1292213851
2117316552
722981783
1908255249
1645596717
333603799
172896037
2011035638
947390578
765351741
91212767
1577278926
1697535716
76155291
406384768
1125645390
328269690
897874582
1351480844
1428245133
570088971
1434427961
951382026
33843666
571241773
710282825
1563512202
1558026483
1998174640
423803293
1050093995
1142904843
393636197
1773075778
903676444
2039232914
2106679577
1076572482
1902784904
906586508
1841924223
1993997671
336381786
1391976291
2070152962
742766555
370138033
250939004
1640641137
1721618878
1679184137
63246460
1008563191
483082516
97090126
1579804965
1193365341
1660602328
990347800
1044056333
2084405621
2040441795
39477529
330558171
1666033925
943153973
222307437
1625229855
2019726455
2125092342
384332715
1714167030
1971606365
720714501
958659673
1894275680
1463481056
1328797707
2145214684
956638545
902932937
1676915174
1019885005
1911496128
12514042
1116975131
1343817445
1205879383
630093812
186681597
102452068
567015785
79639744
141929597
897573956
1745673670
1085083571
1119881394
1223419877
957326378
1097490088
1607752592
524009761
921612805
180983445
1482669434
668404837
1644464502
663983493
666135874
453619399
1566916430
195567400
1473504405
1330928911
208081442
442995888
527262708
1413960825
1073089700
713944306
1516412893
1640105486
793584050
1658342491
390195794
391774072
595942414
1510077188
1615193949
1553268792
460083628
1075462893
2077278553
1381696434
1256446339
1412464340
2050101271
753427193
2076447833
568753497
1207046592
1495880616
764320897
533067349
679325879
972402339
976063238
1206588587
238879516
2049152938
1920532893
1755292410
1541774776
566633296
1266151253
1931970571
958407368
1862093667
1294564111
426117670
1267878811
1754647740
1501580563
1197673717
988860526
610543254
462654409
891478149
1363970447
391618594
1460231647
423533392
1887499210
77068896
956600741
419341441
1049471236
1932663979
1625930029
1288350752
1834333270
1398979274
896159514
1228624398
1965612570
14827119
1013111321
776536291
1876920786
160191785
1202653961
997315950
1914839525
556750876
47506019
756216403
1167294131
510160428
1647694552
383780930
901779022
960442551
807314322
641794585
1037511448
1763915064
1061136026
2086982684
1549095395
539582407
1227849788
1235945017
1938561682
2124009303
317085768
1756690604
2138836422
1330197089
385743247
1868273561
1490388874
1588397208
718105863
1257744751
2145148085
765611882
2013961154
1164958568
1275772310
1514172059
1548739498
30067684
327130962
208570173
671862269
1364642410
1972485237
1732998296
1304141446
1374096984
125097055
384507587
462558354
2063658737
361033242
779644122
1672865694
352386016
2109841211
2058608941
73175929
1452746438
1499522502
791281792
563007541
1497186939
1556893674
429485048
514661859
685182336
1943657107
2063401357
715250021
123304421
124487882
1387112290
1487946832
2096973119
972626938
644604630
1323586456
1097723994
1029112217
1786144810
1013899083
1390145459
418305284
539281129
1742531476
380662847
450406423
1815707405
1833409285
1949928925
459505550
248933179
1299632216
2016399224
678418227
1814294075
554097913
474591686
1730211784
1269347934
597896107
1854699667
508976576
2085842939
1804189138
1481603515
582963922
980291946
431843861
1612076139
618953108
1445742944
854737951
1037258392
1985024074
449785779
1417921240
287946849
118009536
1103846877
90392126
577515086
1352780056
1390024342
446430663
2031198283
1056834769
1000528576
358306321
639562905
122392862
956202429
346778924
631369438
894561720
3484415
2112972953
1477525642
983776361
397333166
942118134
1602729470
1843076111
1796856085
492504214
1680616537
99158216
1910425454
1968563386
217167752
866788684
2058955512
794682839
72085092
1301496206
1241113502
2103283376
210847327
94158430
314106049
850410232
216551292
1270308478
1197189157
847920730
17386551
1200673572
813410036
1494912193
36966285
1210743202
289546679
1639695755
906335665
2086402764
2132199970
439468554
38077332
1895141776
260548292
255245085
614446812
172020156
1049927924
686531905
1473516362
143557778
642331633
1684363689
237716208
956437682
387290274
454267500
79262513
1584479431
1302188230
96649064
637669355
2115598266
1591561257
674635640
1178857821
1881107937
166847748
2085193486
1820027053
151564070
377178393
1858104386
2046705846
637726685
2113349471
513669011
809746842
1015793747
1200200916
135779556
1159351525
1842532549
1820143246
1397067733
651486583
59949872
1851335233
730749096
1644429303
1006039815
827398160
134615010
974154434
271475770
809250650
5528607
5100059
976098398
2090722093
1825127112
1127662468
320416838
1535747850
1026884667
958143524
1501613673
1540553678
1767890366
369923772
593270946
1903669922
1529275297
288319847
1576329520
778859382
939806430
1636279392
482710967
1670555527
1133225047
1488750783
350470039
1267840057
315421569
621945809
2077090708
320950176
627045868
905705458
264188621
304689333
2033367927
584605460
1840437183
912768946
1542748984
1194567209
305838976
1163155702
1564490981
899109922
919341976
946282631
1187429769
348187849
1725142013
2127236199
1984467241
60369333
1650308078
970208641
1549120116
2000778118
90565050
1864541685
475240279
20172110
38008213
1102286148
925877569
302196834
1406975481
811761848
886802294
1099929016
1724530794
282067630
147012577
2030369770
1445223332
1711503559
781996044
217081661
510302542
1969425813
565269510
87960907
1949178364
402253103
148330240
1452002795
1372461744
1697450356
1305297265
1463026795
1414508393
1780537544
1483198905
1452516606
735340044
261592826
1754713441
2142315525
1073354674
494032087
1094760894
650401820
776099718
1241773471
533287942
73839402
805793382
1315283986
290921063
1316095924
1137226151
856190573
1404056832
938920868
1258443677
1552387072
243440015
483421773
1102353781
1548737280
1946448568
369378526
1181791176
1282163826
1821895133
1917131221
1543756652
1429124926
1911963098
469627679
1923157013
859240344
1120029499
551773083
2101013816
1653317442
625612486
759323550
821117780
916533549
2075419475
1958343932
1772724123
1331992659
749781152
883684152
736896083
993221167
1367105925
1839249864
394474799
1166070846
61144743
1576265975
300751024
1883039876
1345913548
1844507676
1164681154
1110392999
166651707
940354519
1969633343
1286681207
1492127603
1923163511
792515001
2117740089
535003414
1613632781
886789990
462939241
1424493065
512030465
1794931900
26790569
1395714617
384344335
1020011736
615336895
76110552
1414486535
1781407741
137255295
843268863
2082158765
2020295171
41698763
1779182793
1037492677
1152091762
1945834501
1977847196
974241458
1085032060
1322491151
749921321
1877547061
1292747592
1284924735
1343696194
32053935
1747863976
620705612
544084400
1395312228
647496181
1939799018
1779656564
1667507918
407652265
1855767116
934510805
41576358
1993022411
1777779668
2123735123
1865833934
1819478432
1755434268
755842963
824086546
1553785121
586206511
1798328004
491333533
1908697663
400765678
221396946
1053961607
1685690413
1565093141
1086015542
1286070742
38315105
1630099943
533899322
685811286
1422415313
166072238
205835556
1830067578
2021839354
1140346362
1871643936
1867378117
770642382
1847895411
1585728403
442637166
1455846031
194087718
1266723713
862147505
780294230
917568069
1353481038
541508245
1318333747
1574877985
1595469852
856540513
992487478
534001747
2142611255
1030802583
16618042
529026929
1716613869
1439033355
695099168
1922449426
1121617285
569454874
915312140
845777573
289349344
1685954522
546189336
1875077747
2128591689
2002035367
2069165466
1247831754
716699224
701976048
17916175
2070180263
1243484293
1336249923
1497574600
691470497
45306788
342578430
1225472244
40434395
1373381013
1242090286
569461324
942511234
533639993
1264560492
717477012
1655257278
1834015367
1632789152
353551203
2123364711
1171260027
899740539
1850958810
1152368068
754292259
1772640628
252716174
1470991483
327133028
270632349
1393688098
1570617321
1606882272
743779050
114604171
1652189060
1086357480
1340076415
1692623455
312254845
434683054
114601132
1254766080
968323047
1379161624
1972243092
476096678
1065693343
1457548597
829647881
1041574406
481324976
1729388421
745049569
1633693044
336197032
370206549
1886409218
1807188515
697339578
9557919
1053392966
120473251
1616440192
1797172016
235077422
1121145604
736045849
1575153838
666285412
1048300694
2009836892
780886544
155583126
830676291
12564520
2127826219
1306772969
1078257864
1437891168
2136420851
2119832270
1919216144
1718325624
717398191
1405425540
2054522656
1087604741
1144351110
1714227523
1784944319
1153909029
620136841
1905417570
622865573
269825210
2140494993
1744011178
1005871059
1568165183
262812942
2054171753
1430518427
1043699486
62271232
113711070
1056264006
42613803
1420484040
2134521870
1480504971
1409421243
2106870493
1252237467
980263219
676785036
510179359
887302227
1764389777
1654530469
454046102
1401850448
660955850
1074182944
1159784371
1283821424
1344008154
1152795716
880348954
202395565
573477251
1143161896
109083670
2003995678
39377734
171354902
2117706748
1095641740
213968705
1390707140
1082679963
1694473676
652644735
1042066808
799227495
1632907954
1718851844
1309406854
372726533
1335757974
816453675
826772636
590124774
1477409526
1900955580
1749909145
613747302
1097480086
755221213
1494096256
1299875651
1328698464
489774504
1408959321
1185210494
529152238
1580314224
1155433595
1624793978
1794282929
398657087
559990293
1341272958
1051301823
1602057101
2140500453
536726129
1173425298
1302423660
909452663
361699624
2118877335
1736225299
951824398
1448803213
1489697231
554249896
2062550515
439693669
1309471109
1409163123
1739569320
490685926
1898937627
1001044993
1675896420
280606217
433875569
683846367
1905400196
80674851
1082503455
317906841
1421947809
2133805278
1919963943
1414964614
523047759
945905593
569904626
1432500422
1307605217
541298314
1021242073
111945967
1990101527
363455656
666195863
1905168395
803149325
1975666973
1166847870
395234997
318869251
918301850
1396279991
1994765671
1198908067
1830155560
531128391
956824615
1910830411
1613631846
1274731457
1185294572
1599953476
1047211752
452775539
2123001235
1993117345
1022680165
1408018010
1153238914
1563978479
281776435
1265184881
1406596359
645232092
1931380745
1164281106
1448381417
1759564070
183645328
1843616415
2078433321
1101947178
1092412758
1925715344
153371598
775084670
309360087
1110196213
538431434
1922991933
237444022
1723726006
1375461761
1284655774
29017897
1350979349
1130289471
1051698063
611513711
136044737
468192894
893290146
1401229619
1874789253
1538522238
1185126716
891586711
839420008
797207138
1075232040
535552775
728156811
29695570
1627965533
506388507
183067168
255566555
815748595
1293263382
793997989
591256880
1530707404
370240348
1966718642
667879531
399258245
1170214343
1798169002
1450956308
1781728054
1934213740
1919149203
527534552
1187959711
1646454808
2066056791
225602779
390557872
757993151
1022809917
1465789912
1293545926
1750966728
1495485482
774027811
109871587
1678552651
1029594366
925620182
824332385
1823592356
1516877063
207556141
46349056
1336112057
875435672
445607301
358842752
526121027
1896563610
2140570806
312851119
1668229165
520621710
1500810830
1167200325
439194853
1726413609
1557758197
1197188004
601739878
876064461
343250282
205222958
224066296
1117278093
315094545
1902618947
2146872460
1240714728
579467684
1822981168
610108143
787023825
1869330224
1946220200
1662459498
167453877
157579304
41096877
2064017487
150666462
353947996
1584763004
671288172
1854758826
604479682
1110483026
1433688787
14754231
160187382
2035428665
890818693
503437665
93167975
1114884989
1620715758
408262520
870020288
1620104570
1648977248
1449487972
1295602090
111601743
89028149
1017448666
2057821943
1751487647
1184902544
67917599
1792584524
1101436383
218584061
2146532520
538715740
889872234
1853807698
1143195422
2000355260
1140012837
1157949653
13058994
1027957854
2048768346
516496659
1121125829
1016169687
2137212418
1529388350
1886189975
1609833340
1030881950
1188194299
757951783
1142483694
1277222449
1775400449
1052821989
881226448
812819345
1120739589
526327325
1914255729
1339323650
525376197
305487821
81712236
231700248
1448683243
2082067496
1371713085
459149248
2095126491
252187292
360433947
464139502
1373313121
1376603634
453868272
755217823
1115309962
2063701613
1786099774
156020613
674169748
781099820
1433243062
302086549
1833921809
166985863
1114905895
807177750
693313188
881677976
2146501401
1218689385
1187165797
80729989
1450389633
488365392
15313838
674619071
947514640
2110440329
926806363
1307948587
427096183
152635836
537068574
880964456
907853660
1652378536
797182421
546469786
1808399149
1471352169
1327569606
1094158564
1773438718
1014007767
1261144427
740860965
1821185518
1954457615
1622538941
1820203271
1025663352
662221090
1900933260
328569338
1150586482
1916247098
1003188409
2098101123
1879203779
1929994772
1258566062
158816315
2082630608
1795634636
1039780771
843000620
1300529524
1836963192
1389470406
961445026
1160831713
569556364
2055603590
786786783
1583564132
1169264369
1527647749
1257266002
976238336
1002703042
929985625
2001901688
1664924133
683435237
182987378
668026967
452198688
1186175787
618644442
183918819
968686911
1877210505
342735134
903833872
1525361493
1382515905
1746834492
678407370
1071995449
988821251
1639852396
85343514
1558377615
1547972338
872130298
994458099
569753059
252294399
104240453
1545991395
1254997441
1034226078
1400409435
772437926
1717661316
1583396814
1440464894
22376356
622088953
2059109336
206295175
1590775865
1788836193
549030310
347126089
1166714039
1931546215
2093960581
1845121409
856058017
935298184
1337490157
941401531
346192152
737978847
1813531829
1340650251
1307731906
2065826228
1444890705
706239653
1173340022
331633135
2106649088
1945777948
2049294451
1542562254
1238759194
2071670807
17167560
1150384883
130482335
1607943425
791737428
679512645
1955069514
1958451467
463575212
1901546447
1656089228
1319633229
689360984
846095737
113551113
1035553136
1584074584
1927082942
228719739
744322842
1845425523
1673610444
1450562495
871281897
2005243580
1409727936
669576197
1907054383
804806542
1908335392
1831241543
821974102
911236627
1961723878
282433879
1702974055
493752875
90019745
1513941875
957328087
1991566193
1022547455
129477669
533443529
1868643193
243028782
1568996665
1305234129
22628076
1797716404
2049556972
1868053599
1323843201
1352635819
591851848
1181603133
614880107
1261428046
941173868
1419686650
1022279790
624931763
94177104
1933516417
439171993
376610984
1489006824
932924868
466630729
855465051
1890252956
310713274
1878012507
2019730625
844156803
1599172052
115275759
265669820
756922533
137903835
2063386225
658995857
2005957435
1239745778
2011631677
450325635
273865263
479028136
1711753681
1215039131
1898714786
586549823
1839970895
1992891891
372582592
131659240
222019227
1861589417
1064584109
688649956
569570820
807353417
999363231
300099679
679600394
1843520034
1899271731
794876153
2109189855
508710617
932779988
2025092432
1167706474
791253775
1117354562
1031854503
1241579411
1391219825
1510882640
805849444
458775308
1262113778
1392399268
151262555
1107522021
1764981860
282921796
1329541248
1479087629
1347505905
2018191205
2048658450
7375674
870070788
201274481
686976068
566107174
2100546213
1481852221
527813381
461773182
267148561
405422165
1629479656
1058402337
1522776727
513850512
152498100
766512904
2024733152
958347544
1225288213
1139363282
203263164
1376550768
99401656
1968245025
1659472564
1428942904
1299849006
859494821
1299650461
1201023808
866870495
22237601
1402298290
1553846563
588344776
1355360855
888215136
1116158157
1817134037
1155363698
1521580323
1299130045
66282387
896873402
1812980557
218780487
1663386307
1690230061
1177128031
741190872
682109696
1380391196
2117741640
781511352
1201152573
1629730557
62970608
353517931
341741730
1362621070
1554541740
1208612226
1384858671
809356382
614975141
1973203447
17233589
1503190278
941877957
1834367626
511070328
315974632
986014023
577352715
1212848034
651510933
796133202
728750693
194257346
1973261233
1469941565
876367042
1206168781
1440199558
1657878394
259837706
922446467
1720849003
613355638
1264188197
935986425
20413730
325316775
173361448
829770112
940291917
2146564896
847003701
295998547
940959205
533887679
807068875
1256933837
1519901702
1384421590
322298223
23928987
33071144
1051048917
218186334
2006332377
373506834
1094553376
1065017511
1813706392
604948123
1324855217
588669211
178313478
1938210855
1852857409
1114299903
1958624585
30690536
1287661351
640911049
970982453
1286742599
1487914750
1266981000
80218156
2021802429
2074049875
1337151993
1394220484
1310987817
1659450217
1418149471
1344058961
563015486
1636335805
1202907691
936522320
583405534
120441554
602745065
1188353657
1445296771
1191414276
1366667135
1236023979
896788037
333483390
1047164916
927478574
1621144741
1688075966
1898461027
760403693
1028507068
1017958380
840621849
902825850
944524607
30290195
149562686
108028777
1689740412
1567712157
1452087738
105272250
1056564315
507511781
1041794570
1639969849
627953335
1644539635
680839858
2073250107
688470264
2047506993
1161790438
1585258301
233506735
61471706
365253227
1854651476
1749547672
116230607
467571521
630571093
1134188987
1308193371
1533396943
2078713594
1338483566
1682959629
39258723
880740330
1103188138
1491346462
986012580
12268805
1998858243
2027807150
1652238654
479327931
1524863138
185594864
405094390
65849754
85618209
1566884828
1651108055
319124944
1628356534
2016361283
26292773
1230420559
2132591890
493864294
1860991652
1119297229
1802057665
1246904947
1050527175
993057583
782380928
1089785899
1873797913
1885569066
433648713
712326845
1897837872
285023308
592650348
1402592878
764351239
2117513486
1588187743
1169445629
35879592
1673805952
588846809
1686987647
1992930897
69719696
1555865282
2019223670
1300140255
1540973524
365604316
1013648259
512787105
20178334
113069558
1563314281
1013235917
895450486
505616532
739550183
633535904
939265245
1451877028
383890128
1224288553
2044527376
1786483007
1988639793
2014557214
1227187102
1010601774
2050436806
753509406
1599448584
1589940806
598956655
1669168280
998322440
470696677
821824887
391812317
836300994
1835473146
904599422
856479328
1948542704
320430055
1869715245
696509542
826046587
461781780
1330045446
1765311832
1913658809
1713935575
842116738
1810702537
1352934934
683272883
1677776104
432638388
1693874657
1580729262
1186147794
1145839593
1023186420
1785104450
667524225
2021508861
108317479
1489349112
265837530
944618473
1177338610
1170436952
1801097801
978397666
