1708421557
462375310
735773912
636001321
548549283
1524886133
1835486502
1365359299
870630863
1424863098
1513543384
353976302
1908644012
638008350
1564914509
851607724
1425517697
660973678
988582511
299274554
657364735
719565265
1486432482
1201243729
1890661864
785915933
744912524
2097169232
626373782
69056087
1909100215
187311691
531431397
497390479
823313012
1079980680
2022276612
511315867
297856331
745423828
1936178965
1811399716
1099400130
1697339330
301924418
516830991
401463406
1727442115
1177804669
1390045918
2026716669
1835169405
2109611183
1365665503
888929486
1852789399
4097788
1633842010
1802474983
630471570
1702898097
1564091550
817783262
86845846
2061482030
1641096274
1166826527
1936274994
4928493
1464682858
534215174
1941107459
1128598926
1633615304
1490963141
1430523344
2962647
1892426547
1010481811
1180767317
1134988817
889714832
868453074
1097116353
107896688
1757382560
802422104
111994476
1243740922
457413440
742466047
799155371
2021504990
1560249309
886001217
1935503372
1053861935
2052827744
1724294719
1058790429
1370026955
111026245
852414240
351142233
1744641550
195893733
1781665578
1747604197
2088320280
644663741
780887866
1075825450
1534378574
1649340940
25458155
1642275262
1259239852
827880259
1754269738
355497126
1285293699
349252137
1154652497
1159315042
1909501446
2040653715
947334766
815879734
1945997811
524145837
1874670163
1168541118
635172083
579600755
1519683352
232329985
775494488
1153865282
1979934182
716331120
1798529023
613338401
1792156570
1185423949
115195693
1817614725
680215563
1374435546
498011337
287001654
1729932672
1783305036
636253791
737101522
795136430
398271590
630271589
1742471197
1214151324
428785752
119133386
941337839
1597326871
754305469
1520938594
969526575
986635454
148949434
2123391857
819085989
865280554
1774437232
1432424390
509953477
812377534
1547620083
180084554
1492593097
774571981
678095891
1779594751
357021006
313917280
268364895
1094122528
1109053710
666636485
1724394117
704041259
1880787809
5696221
823174646
674642000
1603023092
1577480115
48096946
425066019
416631922
197046380
400974228
1235717911
1062326934
27927813
520658653
1572280411
840305347
2068278736
1752364966
185414796
695367070
282977209
1965009548
1052388076
596894489
85890795
2146510604
1705948200
752527280
1723421073
262505811
485831441
1729117294
1085680457
1160473441
1184656739
515676925
1208570387
1609722758
932308847
1405616767
2010696987
20543110
320460053
2038624800
541201763
1892740465
731446499
461996851
1497621783
916861295
1157363921
1780598992
734387195
62268349
230009834
820277990
61295305
1935958034
1572805270
1784716378
50980197
2058636711
1366350025
1136660655
1071626504
403523116
1652337580
132713243
2013245874
437162779
1538330010
1876459213
457705889
1858790064
1767600365
998907652
1604046881
351563216
1460904503
954185016
1268424512
470784777
587300360
2002811707
533053126
817310194
675606050
594348432
605784580
100927672
231581162
656764778
12080736
1597931187
1793425433
1083707240
2001454303
1298279365
1216420484
1867216530
1735442144
607266846
1596192095
45664385
318573262
1216308813
1044572037
1922620143
1567872029
357992892
729321511
688812893
828777669
1316621872
544140953
1361830796
2133932066
1219747003
1956179228
592232999
1320674675
40276742
1248997777
1332755411
1638207930
894939562
268979004
1492178585
45735279
1485399488
1211911467
1781177423
2092666334
660619915
1826841808
263755949
1876928728
723930197
38892444
1297317109
1081923089
768213956
1986130003
1910700759
2084835828
382787308
1125047907
2071284246
1602534311
933743487
516033597
775725338
974020229
1765031374
2108480750
464744511
512487288
229976106
1956923097
558222567
1715375594
1021350916
191916342
1660558280
1681970831
2018758150
1924314229
1411415911
595204699
1963206674
561249373
1677127789
583936982
399895728
1440344900
521289162
782683036
417909159
445089760
237733699
1351652646
961123358
1013459037
178189227
578671084
974456139
642933739
1091158373
1204432245
452373188
1649380940
772324191
1473724104
1841297283
285398824
1008211288
1712571785
62229405
272143551
160292837
2025436079
833392924
1837420626
461889413
1233288652
1130281878
983178575
2015971688
1548191037
1428268336
106221739
752360035
241908046
1119680777
930549262
820579130
2094136916
1573483001
1911737503
1151085514
2025856189
1413634796
1923409705
1352096646
1107448431
61324881
212824286
672536568
123554287
484967837
832829405
1506718
1318360762
522766383
463396132
404165766
1653048261
1446574707
272653807
1053755650
727359395
378875546
1806115685
969267441
1498556323
589181300
1789846572
1445209592
15180653
1554100427
448811458
2041036843
820251575
224737515
1245649841
1927700006
286062397
1458474127
452752927
409616684
1943441964
1285582332
411123402
1114319078
1808348716
874519534
1518484845
1313913329
173610594
1791138652
220185332
900969989
22530550
2026301017
1870237431
1521086874
467998669
1512600355
818812818
483179323
919217134
1267624276
376732518
1739468710
1492361791
1622382359
1519685068
1778424188
933372838
1972437995
40557224
729331154
1110536680
451680627
1843650233
771401748
1326200161
1214651430
2085315077
1499810755
858306434
158016761
253297097
880836984
36834131
2123534528
254440210
504832800
1488651235
1073253028
988012123
260384721
193393656
1364744641
1999853431
1685755448
839643352
1372054852
1316695988
1773016190
1197009199
1357253213
354863697
160062231
1808933840
51030282
931463979
987650353
1265681712
869295409
339977461
2123988146
1027312170
593274558
857341482
1064146301
569325438
1111781693
1568979102
2057976673
37551073
409507577
170877746
230944730
1774252219
23247530
1916700178
466411923
1395302382
1085912518
91944466
444827933
295682083
446808163
604890165
2104615923
497838445
1536354144
944782629
1763520157
258165905
1284760090
1740024655
1285478076
1878034648
449882489
202140729
299876438
1561664182
1771119831
210369463
1599215256
33143761
381247209
1830159986
1807395980
404494739
1599376516
126324255
1799797121
537805386
218268721
97141407
833487470
665076884
702031572
790619745
1162915329
90902068
1735402374
778951838
349067974
872678816
371492845
1634546050
603229816
821375335
1836686779
903106254
235555869
1460322963
1113475717
1834771125
1493466724
1494722927
1517447463
1153379056
1899217666
969340331
1279703311
1551531140
1507145718
1497972033
1648672547
193149540
15565269
203220471
983769285
1178480599
294122539
571688012
1957432437
643190513
1444366828
181441635
130252915
2047596645
1002816970
1966939695
803219251
1238372839
1279779010
1916694969
925660317
625762086
1263934248
295624132
1779141142
1015668266
1264964464
911360805
419715758
624626534
261849190
2068388305
817776074
277414460
124125128
1801545359
1455895059
418247668
225749723
1265843848
1061438181
1670116552
1447285483
1191691097
1570229549
302618805
1011147144
225965152
1540991645
143442506
2142660121
319168314
769204592
1259110721
614792446
400862086
127295340
1879756910
1312222891
547011098
356899796
1574072082
467915756
1174675870
1851486542
592040884
828737582
1159897953
1010288552
1054487305
278258153
2071726734
577120209
1725543637
1115934183
2147349758
2028162442
2127081327
225831263
1421670439
123040185
221007736
1740838753
892244777
1480118458
208147552
1293106863
1607413798
2087904462
457846106
6941248
297320611
2031918188
474857004
1471996481
1735921082
1066897889
153250415
748335387
2077186441
1207737721
1026593541
2001429527
1784857930
604653530
969880062
1784724041
485332324
949477741
2010555304
1907002764
1072517926
84079392
1500357869
1964762703
1564197850
1708505421
1110385918
1024128000
1648926236
1568232025
1031069249
1946246847
1452666565
1505926253
1270759680
1041104000
425340494
1424010096
1789439387
355043288
484264169
668549280
208989167
121638451
1273202810
1178869230
1906362492
1758535135
2128346971
1769434148
1518054251
1053381250
1853513541
870928472
870660305
1270227743
431950246
1981046224
146872096
2080876482
1401794601
1177941345
1879639681
706977518
536383950
1002915713
1748081518
961724445
279442161
1390037258
1316767733
763706330
2058586538
1525756900
885344782
1184305701
557142482
644223626
795357188
538005806
266174127
165927791
1591387056
2119687668
1036856263
314563713
1242431763
1468806509
148126289
1389303859
1402199343
1549920890
419761556
1134355376
109414761
956145507
2137271090
1857496279
1917869952
269229603
1100049889
1087154037
1032935934
1011152780
465427289
1918280716
47974833
1022569772
415020694
843332021
1560575578
681194821
1009259812
1004478986
653398841
2046116075
1319042699
1895830605
1367438937
1467168989
1137650816
622154632
869606231
1557412373
1756510009
979020992
366074232
1746297451
689033624
136460536
2015527054
1789083513
1223614573
900979340
652752645
1689041862
671776408
700727478
564127986
1086797103
1544059499
2124703564
1767991924
405835663
981698902
273907118
304468091
153257954
22254075
1671907028
1620426943
1159904891
146578012
342549526
569833616
1903088021
1321570519
935907848
1501901824
2010604143
1072368384
1369945231
1652204008
148499309
123440923
157473006
1837541172
795217332
858200484
254185510
1882014435
254776336
231405427
1502522711
660611999
1213104329
1776429829
965080090
1366362283
1798683904
489503470
839305578
811105148
636081483
1181855105
1380938764
391685856
355941976
169362965
1893587681
219062471
1241731349
1116049264
1871266479
1390230659
1239490187
2028739485
1080288183
2034707519
739456322
1334473693
1769238306
994232658
1565879120
1124277370
1654844657
631499802
753223551
472441100
1997862085
404423808
961944570
689684016
1215528956
1598026053
1871539121
448984072
1989711910
79997449
618347037
1735815943
299059920
1860078387
704381559
22842751
1102825398
1943871746
2051582237
35629933
1831095618
643554911
1370103626
1452850276
1637787569
788499099
429643998
1145148578
1419998901
1182867550
1617589678
1270377338
1587291358
432050601
1960061354
655336666
2030076654
1684116827
1104320738
1872304916
1764114276
1722667776
1460637211
2063174196
1435262515
17535122
2086016948
390604265
1961406869
1990115537
426234198
1645018839
486186800
1796337824
950385467
2123974369
437353275
1380029466
1121639299
1857352176
415413368
591745330
980245867
2002704726
1023795931
792823573
510557744
906388937
329456753
1614878482
631210206
2093571029
1190062610
2091847417
2009261578
477841477
2109382540
1947794878
868445742
1923305761
1790426767
1294679940
1420840952
129129919
943534117
223742771
105620640
1380887392
1603772237
1227259939
1090755921
2019185605
1819005269
2071001788
1874406683
695317552
716341713
237480779
1601706490
1045798466
1852359262
85433048
991885848
894938224
29796817
853663778
1372779702
2139179357
653975008
93741796
1915001470
296918127
1388421737
1188358774
426048046
184472206
1412101546
531668686
1565359598
868390135
1758928625
508631871
740092093
1430450247
432150011
467015128
2125767799
1148491725
704495908
1579990641
46806543
409371522
1665423689
1038692391
1304309746
1695220507
1892356169
529605800
1686916216
398847529
623347597
1454434039
695765656
2011769334
495309165
1121813702
48757892
1907410711
1653482388
1614117490
628317199
1264927366
2122749362
1368409292
547893965
407415725
1835424420
526178116
1555907450
392436680
2106168758
1602713994
801808202
1624108799
493922737
2106117949
1171845658
238795259
488240101
711278227
637642788
1111587698
18228618
1333408445
975873384
513537783
307738499
1024631276
273464847
1961220888
491265119
901782046
1078664606
466530833
122707690
1626558571
873946558
1958132110
5253039
282370361
203085143
2111421797
1885084355
1004893345
1588046949
231523444
963527646
612408959
470318703
1451767748
1323687186
1107961492
415871798
1341915804
293886289
1391745183
1855453588
601624788
268892811
2128918435
415362028
760157930
883216833
1494026634
1226688763
1005924523
973101557
2100635322
816572985
978354597
235522035
1019658128
942292746
2120606390
2024551474
382856047
204646186
840595472
995265007
674964890
144879572
171468545
1782926382
560751371
1513384350
2076812671
1952496554
1221354290
530953811
73905717
1202789077
946315840
834063648
2086005910
292858826
2060752411
944446785
1265960384
2013904085
1761019770
96831333
101942472
633194251
1039124079
75065214
510262077
1421980127
279711401
1350857549
269761486
954676291
1495737122
441230031
590119025
2056488493
1954614381
519448048
1861501399
1028485023
1050401859
1935407116
83790452
1996717699
621987116
22312714
142092878
535255880
966759499
1408053262
401676317
580295622
1504884595
503618790
1213489873
396525026
578684004
1723751950
1818505153
858395405
927125851
2088266639
1813071696
275379325
382013023
255707073
184384170
189143756
775155121
2045885569
1217628780
1825556981
1833809038
1301419232
1674791032
308312506
1323731947
1816883910
843568386
143007798
1077453524
1245244704
723303420
434854471
1748863494
1936793293
831379498
180063850
1513061595
502401003
1038459256
292703799
443183995
704047304
568083124
825197018
959754378
752467295
1014340774
1734909499
650869216
84485906
1412982832
337194606
1385905139
940290217
645507113
562153438
609690479
1489075499
705161236
1687144004
586836555
1428464657
2121998475
188216401
1217774302
805894325
368280252
583352250
1308295329
1406739508
876056049
1751479324
2110786812
1444139173
429192694
923057542
49122820
1443533468
510483394
699992037
1528019375
1923466226
1037186643
766440866
716272795
1682693756
1328594304
1325963275
1024285608
2033755540
865623631
1611122163
1314736549
840138458
1799338565
385027204
1646032784
20135169
968379454
806844465
1426874677
1844435503
410840141
1390177841
1141091028
840032835
165751736
1190213849
136082655
676235130
1890205886
1664102030
452217708
779908881
283059248
1168490504
315118990
1611653552
346970131
1339404598
1497925445
1212593762
803043113
665178346
2052732220
454898030
1050205550
1551281356
475033199
2018585004
210642173
1901907876
1715536859
621482314
1144602070
709144240
1461515149
1310353806
1899358089
1597597805
1986588936
1642080327
1114216187
291322996
274505560
1397275436
1459813500
589624550
861445340
1806783631
1929029148
211887137
871893745
584588614
877065484
777142318
1039486644
1927271034
180940026
1514519844
1798372391
391582200
1268944072
1366425602
1013064514
266062494
2075569842
327096016
1576416300
1827444283
1924693821
1415521588
1322040962
891426360
1706844585
1596546523
141218148
1019174437
38687425
1002663489
678474421
1967716574
1214550626
1550368166
404821540
2091616110
180026836
1444308184
1871403497
360966863
811344380
1522292240
752549063
2080288453
741234194
1765613577
198867299
669320389
2092709593
1775283600
349281024
1869919766
1043321540
1671321987
613862479
602682477
1120384862
755080627
1621856915
1159072287
1757744116
152847688
979305213
824811095
1703215854
1384126753
768943557
1883242691
680951290
492863406
96725906
1492295670
2015155646
849274969
1425100475
608906193
467404898
1623967775
1278226582
412630844
1251767727
1627507606
135066962
147605619
1151345945
748929441
750288097
124247159
1504010069
224661364
1283319447
1114270537
377509052
115141012
1939081632
2080724906
1499267766
560541542
1816483949
32735408
1053404948
1913209855
1525031078
921076947
615001176
802647906
1529983140
1082406075
279132033
660726074
1495036919
1530899760
140750032
1630103881
1678505379
1292095978
231549675
281309828
1416343137
1735559744
505971192
552178936
702346633
883480244
667319949
493944618
816721503
19104067
1054486160
485721804
51839475
2107891108
251448012
1576870553
881484407
866449188
232034811
263983899
1948855263
511166844
924709973
1296408534
2042066604
1065460006
779028768
1573088336
210072336
1010578443
1854398164
1626415473
598654539
212885709
31110762
1301001172
1096365953
698430711
1794945790
1913087456
717534778
701948302
251325613
769374253
662355763
502773625
198761158
1543840170
1369222813
430795970
1807824070
1170594429
941962814
585050395
319519315
836545771
1650510401
1098548083
262150459
1860582737
2109126526
2116548623
1339514563
560297417
181950684
1370625325
1861298590
1278316638
2069056036
1508760732
1043920446
639107166
63225387
1295246059
1408481419
725581150
1798019684
1607242577
121937672
1019758850
2038038547
1929761742
42869631
832517714
367328490
362388946
1669063485
2017838891
1460937030
1931213944
1730937981
1422579908
1900278919
922968896
1982877326
2082229604
146110573
1696692268
1213062594
67682961
1057969352
109499392
706790127
1121194739
1404745452
2115271546
1846775889
1055281488
1575030475
1968713562
2075040338
1465585375
1750991656
2117909969
150619441
2118320146
332815268
1819682926
1988675390
1793752298
1603413222
1572129723
1068848558
1356208493
347614971
904242236
1290954449
493725544
453450856
356533395
561408505
1511420209
466032788
1268198632
485131300
1870778240
1235986530
184423542
778576080
663533357
5653456
706132771
2129118732
1756645112
676559092
132254525
1727481611
1009374360
1951937451
1568673353
655643010
1407867025
993319428
1724491569
616591871
1340934399
481250157
1907546320
1834659943
934701014
116596068
248584800
298637575
582628856
1516783432
783768875
305923448
605286314
968192417
1084499528
1268819671
973845873
1790632299
1250454756
583007338
319707744
1382709281
163005301
1329082104
1187163085
1731678654
1984725115
447546462
577514434
1561733036
1064138333
1918448833
2042983193
824201006
1605625128
830200559
940797074
1854209928
1128838134
1523425930
1223509712
1912607010
1829349378
1828796026
733315779
766365258
950132049
1707161653
409513910
53103157
142685343
729221654
1435812439
305690644
2058303758
475491876
2037369298
1895545225
923038338
467400084
1309794613
1987176672
238365269
1205294159
663894030
1843990397
2035494718
1604691104
1550716677
1016849205
980633386
626742741
781972567
662499116
308055119
1515288346
1428864374
1258187168
1074966351
1838378284
1311290326
1217651694
420116290
599619117
1523342338
330936401
1075110993
1413227988
78997978
1998149331
1880628072
1388792592
1837842355
2118993341
446603103
354252737
1815500090
334614173
1958943841
1218733119
1351463378
792093579
1845475860
2133435945
1454592695
6047331
1501240644
735973422
1264234500
428723347
426868058
428041178
1646375042
846984349
1027660295
1022233732
1177920750
2102771288
287978073
1256918728
1953436971
21122497
498227672
1643795679
2140115839
944830775
1998048416
1808132281
1279444949
1809508610
879381753
483424679
454118541
577373965
469376977
1908711237
583421297
1970617621
497201011
1847655797
251857320
924069069
128213327
1898232362
1771053418
1155873622
772982447
801490520
1111161262
1060960520
2058409249
917114585
1082083017
409153273
413426616
1074715208
1353984049
263991385
735363842
485945350
2073499995
1614745595
969370029
380134888
44635912
1438747006
141362477
628057209
1261880979
638563488
328229358
1513738300
1562632558
456442685
1264487014
1186202328
1612316307
2037469461
1987692849
575993921
950946333
1898618450
1493108507
2033029351
160288075
1906535123
960260911
1514272124
23042860
1695624753
2000217474
2096542855
1162886700
822103856
329194096
1207522613
113367214
470556573
1835579822
1375248194
1109120062
16325533
741502846
524268972
472768218
2005989860
1710471300
2085084526
1895975674
1550680501
513594799
699438359
1301815303
2006703306
584984062
1462103379
1765754782
1545244974
828891855
1788797642
1093386079
681625682
1737856850
108789132
1503729538
2067050946
1316311745
1617096752
390123871
1004407919
844861298
1499243933
1020733452
1586364144
2023512905
1493501671
1444870357
1586500558
1431102549
1193362383
989697411
1944697348
1892800742
144029067
1803917007
330301157
1606132446
1422188141
1875546131
287540653
1063502135
821448562
969166335
653875337
930237694
325412225
573442635
99065791
1942508978
963566507
1103473711
639886628
315326792
2124207163
78767125
191356050
1470225186
1523637482
1777856608
753844087
569516217
620070371
551057788
314833311
764099438
207491147
645134468
222748236
1629679288
373196951
510288890
545697775
1194645514
1479455225
1199573113
2124883208
1804867451
1773015748
76465352
1599892781
589098607
1179939063
92295761
904425400
1156662578
171062886
1095781450
479404117
1694700368
726154410
1233248204
116732937
1346224781
1784305992
431566249
2110324220
1991797139
1076700717
185588808
1473992779
1449897669
695877698
2019690555
497059535
27849276
1071780020
474459095
1832716727
697312120
550924447
1285125860
1286410728
1730863510
1377421621
43352480
740042441
1548484508
1139133930
1219446558
1095701228
1865288340
305211114
1212434166
1064029473
2089517107
1644000415
1026870045
1933830598
573217484
1212458854
1260339730
2023115153
1908336552
1132546637
372691040
1936185828
56843009
847150136
1621418907
754155129
1398074583
759061119
2040565857
981454446
2136482741
2083918337
1721496887
1537483601
1075568619
793459797
485701181
793373311
1098670911
1698135347
1857402785
1040704370
1194652114
736789182
827051321
1767869599
1949248036
2087391051
1643501104
1710100941
1072454040
2016192145
1498803121
1129297049
715858633
972738381
1883452178
2113933216
1731799500
1776534388
947904014
1720798593
1712969077
521917253
1110798546
641054049
1315377050
1596499728
1434427360
266564314
1147151427
1144346497
1307268684
194319894
1881135680
2134320005
1962189493
1682900068
2074227408
1458206949
1245517361
999197800
1326915446
596836835
2128494849
2042774079
1569575216
1864463380
2009223648
1153891068
1493514120
809644014
727206014
1058999549
1331561268
1838004560
1700053598
499454670
1287020640
986997311
766018984
286688420
2131343808
2073287669
481008314
1864995840
2060124026
295714159
1400412261
1986867787
1753921108
498445974
838581939
933352907
1095282809
819593141
828643338
